2 0.109375 0.89453125 0.015625 0.015625
2 0.9052734375 0.8873697916666666 0.013671875 0.022135416666666668
2 0.05859375 0.8815104166666666 0.009765625 0.018229166666666668
2 0.48095703125 0.8763020833333334 0.0146484375 0.018229166666666668
2 0.35595703125 0.8658854166666666 0.0205078125 0.0234375
2 0.955078125 0.8541666666666666 0.005859375 0.010416666666666666
2 0.87890625 0.8567708333333334 0.013671875 0.020833333333333332
2 0.14111328125 0.8268229166666666 0.0185546875 0.018229166666666668
2 0.5791015625 0.82421875 0.009765625 0.015625
2 0.78857421875 0.822265625 0.0166015625 0.016927083333333332
2 0.66455078125 0.80859375 0.0087890625 0.015625
2 0.541015625 0.8020833333333334 0.01171875 0.013020833333333334
2 0.09130859375 0.8098958333333334 0.0185546875 0.03125
2 0.9296875 0.8001302083333334 0.0078125 0.016927083333333332
2 0.3916015625 0.78515625 0.0078125 0.0078125
2 0.837890625 0.7877604166666666 0.01171875 0.020833333333333332
2 0.396484375 0.7701822916666666 0.013671875 0.009114583333333334
2 0.2880859375 0.7721354166666666 0.0234375 0.020833333333333332
2 0.2412109375 0.7643229166666666 0.01171875 0.010416666666666666
2 0.8046875 0.75390625 0.0078125 0.0078125
2 0.59130859375 0.7526041666666666 0.0166015625 0.0234375
2 0.72119140625 0.73046875 0.0126953125 0.010416666666666666
2 0.55078125 0.7330729166666666 0.015625 0.015625
2 0.24560546875 0.736328125 0.0146484375 0.022135416666666668
2 0.6396484375 0.7265625 0.0078125 0.015625
2 0.4951171875 0.7194010416666666 0.0078125 0.014322916666666666
2 0.8828125 0.72265625 0.015625 0.03125
2 0.70263671875 0.71484375 0.0087890625 0.015625
2 0.8623046875 0.7096354166666666 0.01171875 0.015625
2 0.3291015625 0.7278645833333334 0.0234375 0.052083333333333336
2 0.259765625 0.6881510416666666 0.005859375 0.01171875
2 0.5693359375 0.6803385416666666 0.0078125 0.016927083333333332
2 0.4921875 0.6666666666666666 0.01953125 0.013020833333333334
2 0.537109375 0.6627604166666666 0.0078125 0.0078125
2 0.33642578125 0.6438802083333334 0.0205078125 0.014322916666666666
2 0.92626953125 0.6380208333333334 0.0146484375 0.010416666666666666
2 0.81103515625 0.638671875 0.0263671875 0.032552083333333336
2 0.01123046875 0.6328125 0.0224609375 0.026041666666666668
2 0.65185546875 0.6282552083333334 0.0107421875 0.022135416666666668
2 0.32177734375 0.619140625 0.0087890625 0.014322916666666666
2 0.521484375 0.5963541666666666 0.0078125 0.010416666666666666
2 0.47021484375 0.59765625 0.0146484375 0.013020833333333334
2 0.45166015625 0.5944010416666666 0.0068359375 0.009114583333333334
2 0.04638671875 0.5846354166666666 0.0224609375 0.0234375
2 0.67822265625 0.5794270833333334 0.0107421875 0.020833333333333332
2 0.48046875 0.572265625 0.025390625 0.022135416666666668
2 0.3076171875 0.5651041666666666 0.005859375 0.013020833333333334
2 0.62939453125 0.5638020833333334 0.0107421875 0.018229166666666668
2 0.25341796875 0.5598958333333334 0.0087890625 0.015625
2 0.45703125 0.5533854166666666 0.0078125 0.010416666666666666
2 0.33447265625 0.5533854166666666 0.0087890625 0.015625
2 0.00341796875 0.537109375 0.0068359375 0.014322916666666666
2 0.69482421875 0.529296875 0.0087890625 0.01171875
2 0.1240234375 0.51953125 0.013671875 0.013020833333333334
2 0.94580078125 0.5130208333333334 0.0107421875 0.015625
2 0.3154296875 0.4798177083333333 0.021484375 0.029947916666666668
2 0.20556640625 0.4759114583333333 0.0185546875 0.03515625
2 0.00439453125 0.4635416666666667 0.0087890625 0.015625
2 0.966796875 0.4563802083333333 0.01171875 0.01171875
2 0.77197265625 0.4544270833333333 0.0126953125 0.015625
2 0.875 0.4479166666666667 0.0078125 0.0078125
2 0.10888671875 0.4505208333333333 0.0068359375 0.013020833333333334
2 0.1865234375 0.4388020833333333 0.0078125 0.0078125
2 0.61865234375 0.43359375 0.0146484375 0.026041666666666668
2 0.7822265625 0.4147135416666667 0.0078125 0.016927083333333332
2 0.8388671875 0.4095052083333333 0.01171875 0.01953125
2 0.5556640625 0.3880208333333333 0.021484375 0.03125
2 0.6494140625 0.373046875 0.01171875 0.014322916666666666
2 0.93701171875 0.3704427083333333 0.0166015625 0.014322916666666666
2 0.181640625 0.375 0.017578125 0.028645833333333332
2 0.76220703125 0.3678385416666667 0.0087890625 0.01953125
2 0.32861328125 0.3600260416666667 0.0107421875 0.01171875
2 0.66015625 0.3567708333333333 0.009765625 0.0078125
2 0.47998046875 0.3450520833333333 0.0087890625 0.013020833333333334
2 0.0302734375 0.3470052083333333 0.015625 0.02734375
2 0.7822265625 0.3372395833333333 0.005859375 0.013020833333333334
2 0.1982421875 0.322265625 0.015625 0.009114583333333334
2 0.82861328125 0.3216145833333333 0.0068359375 0.010416666666666666
2 0.38330078125 0.3157552083333333 0.0087890625 0.024739583333333332
2 0.13330078125 0.30859375 0.0263671875 0.020833333333333332
2 0.01611328125 0.3033854166666667 0.0126953125 0.020833333333333332
2 0.2529296875 0.296875 0.015625 0.013020833333333334
2 0.32666015625 0.28515625 0.0068359375 0.010416666666666666
2 0.9072265625 0.2799479166666667 0.017578125 0.010416666666666666
2 0.06884765625 0.2779947916666667 0.0048828125 0.01171875
2 0.46484375 0.2779947916666667 0.02734375 0.029947916666666668
2 0.021484375 0.263671875 0.01171875 0.009114583333333334
2 0.65380859375 0.265625 0.0283203125 0.044270833333333336
2 0.75146484375 0.24479166666666666 0.0068359375 0.010416666666666666
2 0.0146484375 0.24739583333333334 0.0078125 0.018229166666666668
2 0.46728515625 0.240234375 0.0107421875 0.009114583333333334
2 0.134765625 0.24088541666666666 0.01171875 0.013020833333333334
2 0.55615234375 0.22721354166666666 0.0087890625 0.009114583333333334
2 0.72314453125 0.21223958333333334 0.0068359375 0.010416666666666666
2 0.5615234375 0.20052083333333334 0.005859375 0.015625
2 0.24560546875 0.20963541666666666 0.0341796875 0.033854166666666664
2 0.078125 0.19205729166666666 0.005859375 0.01171875
2 0.173828125 0.19010416666666666 0.0078125 0.010416666666666666
2 0.505859375 0.1796875 0.013671875 0.015625
2 0.39990234375 0.17643229166666666 0.0068359375 0.009114583333333334
2 0.5908203125 0.17447916666666666 0.013671875 0.010416666666666666
2 0.15380859375 0.15364583333333334 0.0087890625 0.010416666666666666
2 0.6591796875 0.162109375 0.015625 0.040364583333333336
2 0.79443359375 0.142578125 0.0068359375 0.01171875
2 0.48291015625 0.130859375 0.0087890625 0.006510416666666667
2 0.40234375 0.12825520833333334 0.0078125 0.009114583333333334
2 0.11328125 0.11197916666666667 0.009765625 0.013020833333333334
2 0.7421875 0.09830729166666667 0.005859375 0.014322916666666666
2 0.06787109375 0.09375 0.0126953125 0.018229166666666668
2 0.96826171875 0.07682291666666667 0.0166015625 0.015625
2 0.29541015625 0.06380208333333333 0.0068359375 0.0078125
2 0.6455078125 0.06315104166666667 0.013671875 0.016927083333333332
2 0.0263671875 0.02734375 0.005859375 0.010416666666666666
2 0.73046875 0.027994791666666668 0.02734375 0.022135416666666668
2 0.2158203125 0.020182291666666668 0.0078125 0.009114583333333334