2 0.482421875 0.8841145833333334 0.0078125 0.0078125
2 0.76806640625 0.8795572916666666 0.0107421875 0.014322916666666666
2 0.32470703125 0.875 0.0107421875 0.013020833333333334
2 0.91748046875 0.8385416666666666 0.0107421875 0.0078125
2 0.47119140625 0.8229166666666666 0.0087890625 0.018229166666666668
2 0.43896484375 0.8151041666666666 0.0263671875 0.057291666666666664
2 0.99169921875 0.7916666666666666 0.0166015625 0.0234375
2 0.888671875 0.7701822916666666 0.0078125 0.016927083333333332
2 0.23291015625 0.771484375 0.0185546875 0.02734375
2 0.16064453125 0.7584635416666666 0.0107421875 0.022135416666666668
2 0.11474609375 0.7356770833333334 0.0146484375 0.013020833333333334
2 0.681640625 0.7278645833333334 0.013671875 0.018229166666666668
2 0.533203125 0.7233072916666666 0.0078125 0.01171875
2 0.31298828125 0.7213541666666666 0.0166015625 0.020833333333333332
2 0.3388671875 0.716796875 0.01171875 0.016927083333333332
2 0.482421875 0.716796875 0.017578125 0.022135416666666668
2 0.9423828125 0.69921875 0.0078125 0.010416666666666666
2 0.271484375 0.6959635416666666 0.0078125 0.009114583333333334
2 0.82470703125 0.6920572916666666 0.0126953125 0.014322916666666666
2 0.5947265625 0.697265625 0.01953125 0.024739583333333332
2 0.00537109375 0.6901041666666666 0.0107421875 0.015625
2 0.86767578125 0.6920572916666666 0.0224609375 0.04296875
2 0.17138671875 0.6536458333333334 0.0087890625 0.010416666666666666
2 0.04248046875 0.66015625 0.0146484375 0.0234375
2 0.4931640625 0.6627604166666666 0.013671875 0.03125
2 0.11328125 0.6243489583333334 0.01171875 0.014322916666666666
2 0.65576171875 0.6126302083333334 0.0087890625 0.01171875
2 0.322265625 0.6139322916666666 0.017578125 0.022135416666666668
2 0.8486328125 0.603515625 0.0078125 0.009114583333333334
2 0.5419921875 0.6009114583333334 0.01171875 0.009114583333333334
2 0.4560546875 0.6061197916666666 0.015625 0.01953125
2 0.97607421875 0.5963541666666666 0.0166015625 0.026041666666666668
2 0.77392578125 0.5989583333333334 0.0224609375 0.033854166666666664
2 0.1875 0.57421875 0.005859375 0.015625
2 0.7978515625 0.5657552083333334 0.01171875 0.016927083333333332
2 0.49267578125 0.5579427083333334 0.0126953125 0.01171875
2 0.46875 0.5481770833333334 0.01171875 0.018229166666666668
2 0.16259765625 0.5481770833333334 0.0205078125 0.0234375
2 0.1015625 0.5416666666666666 0.01171875 0.015625
2 0.9619140625 0.546875 0.0234375 0.0390625
2 0.03271484375 0.53125 0.0126953125 0.015625
2 0.552734375 0.53125 0.015625 0.03125
2 0.5009765625 0.5286458333333334 0.033203125 0.03125
2 0.75732421875 0.5208333333333334 0.0126953125 0.020833333333333332
2 0.6689453125 0.517578125 0.015625 0.014322916666666666
2 0.0419921875 0.51171875 0.0078125 0.010416666666666666
2 0.98681640625 0.4765625 0.0068359375 0.0078125
2 0.68408203125 0.458984375 0.0126953125 0.009114583333333334
2 0.98828125 0.4596354166666667 0.015625 0.013020833333333334
2 0.787109375 0.44921875 0.017578125 0.026041666666666668
2 0.56591796875 0.4453125 0.0185546875 0.0390625
2 0.87060546875 0.4283854166666667 0.0068359375 0.010416666666666666
2 0.80810546875 0.4244791666666667 0.0224609375 0.018229166666666668
2 0.00390625 0.4088541666666667 0.0078125 0.013020833333333334
2 0.0205078125 0.4069010416666667 0.01171875 0.014322916666666666
2 0.52734375 0.404296875 0.0078125 0.01171875
2 0.9501953125 0.3984375 0.0078125 0.0078125
2 0.1484375 0.392578125 0.005859375 0.01171875
2 0.43408203125 0.380859375 0.0068359375 0.016927083333333332
2 0.63232421875 0.376953125 0.0146484375 0.022135416666666668
2 0.35400390625 0.3743489583333333 0.0107421875 0.024739583333333332
2 0.42236328125 0.3639322916666667 0.0087890625 0.01953125
2 0.22314453125 0.349609375 0.0068359375 0.009114583333333334
2 0.0302734375 0.3489583333333333 0.015625 0.020833333333333332
2 0.3095703125 0.33984375 0.01171875 0.018229166666666668
2 0.1123046875 0.3346354166666667 0.0078125 0.010416666666666666
2 0.07373046875 0.3346354166666667 0.0107421875 0.010416666666666666
2 0.291015625 0.3092447916666667 0.0078125 0.01171875
2 0.8251953125 0.30859375 0.009765625 0.015625
2 0.50634765625 0.2721354166666667 0.0087890625 0.015625
2 0.703125 0.265625 0.01171875 0.0234375
2 0.96630859375 0.2565104166666667 0.0068359375 0.010416666666666666
2 0.0048828125 0.2584635416666667 0.009765625 0.02734375
2 0.9482421875 0.232421875 0.005859375 0.01171875
2 0.001953125 0.23046875 0.00390625 0.018229166666666668
2 0.1728515625 0.22395833333333334 0.009765625 0.015625
2 0.21533203125 0.19986979166666666 0.0146484375 0.016927083333333332
2 0.96923828125 0.19596354166666666 0.0107421875 0.014322916666666666
2 0.259765625 0.19596354166666666 0.017578125 0.016927083333333332
2 0.11865234375 0.18880208333333334 0.0126953125 0.013020833333333334
2 0.72119140625 0.203125 0.0380859375 0.044270833333333336
2 0.34423828125 0.181640625 0.0166015625 0.016927083333333332
2 0.14892578125 0.17317708333333334 0.0087890625 0.010416666666666666
2 0.5107421875 0.16796875 0.01171875 0.015625
2 0.166015625 0.16015625 0.0078125 0.0078125
2 0.9384765625 0.13411458333333334 0.009765625 0.0078125
2 0.20751953125 0.12760416666666666 0.0068359375 0.010416666666666666
2 0.3134765625 0.126953125 0.005859375 0.01171875
2 0.88330078125 0.1015625 0.0087890625 0.015625
2 0.21826171875 0.09635416666666667 0.0087890625 0.010416666666666666
2 0.4169921875 0.08919270833333333 0.013671875 0.01953125
2 0.56494140625 0.087890625 0.0107421875 0.022135416666666668
2 0.29296875 0.08203125 0.0234375 0.018229166666666668
2 0.30908203125 0.07291666666666667 0.0068359375 0.010416666666666666
2 0.04541015625 0.068359375 0.0263671875 0.024739583333333332
2 0.92626953125 0.056640625 0.0087890625 0.01171875
2 0.7978515625 0.060546875 0.015625 0.022135416666666668
2 0.49169921875 0.055338541666666664 0.0107421875 0.01171875
2 0.41455078125 0.0546875 0.0068359375 0.010416666666666666
2 0.34814453125 0.032552083333333336 0.0068359375 0.010416666666666666
2 0.2587890625 0.015625 0.0234375 0.015625
2 0.6640625 0.016276041666666668 0.02734375 0.032552083333333336
2 0.46875 0.004557291666666667 0.0078125 0.009114583333333334
2 0.61962890625 0.609375 0.0166015625 0.03125