2 0.376953125 0.6002604166666666 0.0078125 0.010416666666666666
2 0.3662109375 0.4635416666666667 0.0078125 0.010416666666666666
2 0.02392578125 0.4453125 0.0068359375 0.015625
2 0.23193359375 0.3587239583333333 0.0283203125 0.045572916666666664
2 0.4287109375 0.2962239583333333 0.0078125 0.014322916666666666
2 0.12890625 0.244140625 0.009765625 0.01171875
2 0.38720703125 0.10872395833333333 0.0087890625 0.009114583333333334
2 0.271484375 0.765625 0.05078125 0.052083333333333336
2 0.4208984375 0.8684895833333334 0.03125 0.020833333333333332
2 0.46923828125 0.8671875 0.0185546875 0.015625
2 0.69482421875 0.7734375 0.0126953125 0.028645833333333332
2 0.75439453125 0.73046875 0.0224609375 0.033854166666666664
2 0.7373046875 0.6380208333333334 0.00390625 0.020833333333333332
2 0.65087890625 0.7083333333333334 0.0087890625 0.015625
2 0.30810546875 0.587890625 0.0224609375 0.02734375
2 0.185546875 0.5826822916666666 0.01953125 0.02734375
2 0.08447265625 0.59765625 0.0283203125 0.020833333333333332
2 0.0625 0.6484375 0.0234375 0.020833333333333332
2 0.1318359375 0.544921875 0.025390625 0.022135416666666668
2 0.18212890625 0.22135416666666666 0.0146484375 0.020833333333333332
2 0.7685546875 0.4147135416666667 0.0234375 0.037760416666666664
2 0.54638671875 0.2701822916666667 0.0302734375 0.037760416666666664
2 0.697265625 0.181640625 0.025390625 0.01953125