0 0.33447265625 0.908203125 0.0068359375 0.009114583333333334
0 0.1259765625 0.90234375 0.005859375 0.010416666666666666
0 0.6533203125 0.8958333333333334 0.0078125 0.0078125
0 0.517578125 0.89453125 0.0078125 0.0078125
0 0.44775390625 0.8932291666666666 0.0087890625 0.010416666666666666
0 0.16943359375 0.884765625 0.0107421875 0.014322916666666666
0 0.09375 0.88671875 0.005859375 0.018229166666666668
0 0.0810546875 0.8860677083333334 0.0078125 0.016927083333333332
0 0.29736328125 0.8795572916666666 0.0068359375 0.01171875
0 0.22607421875 0.876953125 0.0068359375 0.009114583333333334
0 0.87548828125 0.876953125 0.0107421875 0.014322916666666666
0 0.93798828125 0.8697916666666666 0.0068359375 0.010416666666666666
0 0.18408203125 0.869140625 0.0068359375 0.01171875
0 0.701171875 0.8678385416666666 0.009765625 0.01171875
0 0.2431640625 0.8626302083333334 0.0078125 0.01171875
0 0.9228515625 0.861328125 0.013671875 0.01171875
0 0.80078125 0.8626302083333334 0.0078125 0.014322916666666666
0 0.40185546875 0.8580729166666666 0.0126953125 0.010416666666666666
0 0.49951171875 0.8580729166666666 0.0166015625 0.013020833333333334
0 0.9501953125 0.8509114583333334 0.0078125 0.009114583333333334
0 0.25732421875 0.8470052083333334 0.0068359375 0.014322916666666666
0 0.01806640625 0.84765625 0.0087890625 0.015625
0 0.11865234375 0.8444010416666666 0.0107421875 0.014322916666666666
0 0.03076171875 0.841796875 0.0068359375 0.009114583333333334
0 0.89501953125 0.83984375 0.0126953125 0.0078125
0 0.66357421875 0.8424479166666666 0.0068359375 0.013020833333333334
0 0.3369140625 0.8424479166666666 0.0078125 0.015625
0 0.30078125 0.8470052083333334 0.015625 0.024739583333333332
0 0.7490234375 0.8404947916666666 0.009765625 0.014322916666666666
0 0.7646484375 0.8352864583333334 0.005859375 0.009114583333333334
0 0.2158203125 0.84765625 0.013671875 0.033854166666666664
0 0.71875 0.8411458333333334 0.017578125 0.026041666666666668
0 0.6240234375 0.8359375 0.01953125 0.026041666666666668
0 0.45703125 0.8287760416666666 0.009765625 0.014322916666666666
0 0.42822265625 0.8268229166666666 0.0087890625 0.015625
0 0.9052734375 0.8255208333333334 0.005859375 0.015625
0 0.8369140625 0.8170572916666666 0.009765625 0.009114583333333334
0 0.99658203125 0.818359375 0.0068359375 0.014322916666666666
0 0.89208984375 0.8157552083333334 0.0107421875 0.009114583333333334
0 0.17919921875 0.80859375 0.0107421875 0.013020833333333334
0 0.0361328125 0.8059895833333334 0.0078125 0.010416666666666666
0 0.68017578125 0.8046875 0.0068359375 0.010416666666666666
0 0.92041015625 0.8040364583333334 0.0087890625 0.01171875
0 0.08984375 0.80078125 0.0078125 0.010416666666666666
0 0.25390625 0.8020833333333334 0.01171875 0.015625
0 0.95166015625 0.796875 0.0087890625 0.0078125
0 0.3408203125 0.7994791666666666 0.0078125 0.013020833333333334
0 0.64306640625 0.7955729166666666 0.0068359375 0.0078125
0 0.47412109375 0.7962239583333334 0.0068359375 0.009114583333333334
0 0.85791015625 0.7936197916666666 0.0087890625 0.01171875
0 0.15576171875 0.7903645833333334 0.0068359375 0.010416666666666666
0 0.720703125 0.7819010416666666 0.0078125 0.016927083333333332
0 0.232421875 0.7779947916666666 0.005859375 0.014322916666666666
0 0.7001953125 0.7734375 0.013671875 0.015625
0 0.86572265625 0.771484375 0.0087890625 0.014322916666666666
0 0.779296875 0.7708333333333334 0.017578125 0.018229166666666668
0 0.10791015625 0.7649739583333334 0.0087890625 0.009114583333333334
0 0.39794921875 0.759765625 0.0087890625 0.009114583333333334
0 0.5712890625 0.7688802083333334 0.015625 0.029947916666666668
0 0.46826171875 0.7552083333333334 0.0068359375 0.010416666666666666
0 0.27197265625 0.7669270833333334 0.0595703125 0.0390625
0 0.158203125 0.7513020833333334 0.0078125 0.010416666666666666
0 0.125 0.7395833333333334 0.009765625 0.0078125
0 0.40234375 0.7350260416666666 0.009765625 0.016927083333333332
0 0.0048828125 0.7317708333333334 0.009765625 0.010416666666666666
0 0.7548828125 0.7291666666666666 0.0078125 0.010416666666666666
0 0.34716796875 0.7311197916666666 0.0068359375 0.014322916666666666
0 0.69287109375 0.724609375 0.0087890625 0.009114583333333334
0 0.46484375 0.7265625 0.01953125 0.013020833333333334
0 0.03662109375 0.73828125 0.0244140625 0.041666666666666664
0 0.8427734375 0.7200520833333334 0.0078125 0.0078125
0 0.52880859375 0.720703125 0.0185546875 0.01171875
0 0.802734375 0.720703125 0.01171875 0.014322916666666666
0 0.7333984375 0.71484375 0.013671875 0.010416666666666666
0 0.37158203125 0.7109375 0.0126953125 0.013020833333333334
0 0.22412109375 0.7102864583333334 0.0087890625 0.01171875
0 0.3115234375 0.708984375 0.009765625 0.014322916666666666
0 0.65185546875 0.705078125 0.0068359375 0.009114583333333334
0 0.87744140625 0.712890625 0.0126953125 0.02734375
0 0.04638671875 0.703125 0.0146484375 0.0078125
0 0.11669921875 0.7057291666666666 0.0205078125 0.018229166666666668
0 0.9921875 0.7096354166666666 0.015625 0.028645833333333332
0 0.7841796875 0.6998697916666666 0.01171875 0.01171875
0 0.90771484375 0.703125 0.0068359375 0.0234375
0 0.74609375 0.6946614583333334 0.015625 0.016927083333333332
0 0.943359375 0.69140625 0.005859375 0.015625
0 0.48193359375 0.6901041666666666 0.0126953125 0.018229166666666668
0 0.7958984375 0.6861979166666666 0.01171875 0.013020833333333334
0 0.15478515625 0.685546875 0.0126953125 0.01171875
0 0.57861328125 0.7063802083333334 0.0380859375 0.055989583333333336
0 0.462890625 0.6822916666666666 0.0078125 0.013020833333333334
0 0.4033203125 0.6822916666666666 0.0234375 0.0234375
0 0.978515625 0.6770833333333334 0.01953125 0.020833333333333332
0 0.81591796875 0.6686197916666666 0.0087890625 0.009114583333333334
0 0.65625 0.6673177083333334 0.013671875 0.01171875
0 0.86279296875 0.6647135416666666 0.0068359375 0.009114583333333334
0 0.4638671875 0.6647135416666666 0.0078125 0.009114583333333334
0 0.27099609375 0.6666666666666666 0.0068359375 0.013020833333333334
0 0.513671875 0.6627604166666666 0.0078125 0.0078125
0 0.01953125 0.6595052083333334 0.0078125 0.01171875
0 0.06640625 0.65234375 0.0078125 0.0078125
0 0.35498046875 0.6510416666666666 0.0087890625 0.013020833333333334
0 0.341796875 0.6477864583333334 0.01171875 0.016927083333333332
0 0.49853515625 0.640625 0.0107421875 0.015625
0 0.95556640625 0.6360677083333334 0.0068359375 0.009114583333333334
0 0.72265625 0.6373697916666666 0.0078125 0.01171875
0 0.17724609375 0.63671875 0.0087890625 0.010416666666666666
0 0.57861328125 0.6393229166666666 0.0146484375 0.0234375
0 0.91943359375 0.6354166666666666 0.0146484375 0.018229166666666668
0 0.3837890625 0.646484375 0.015625 0.040364583333333336
0 0.15673828125 0.638671875 0.0107421875 0.024739583333333332
0 0.99462890625 0.630859375 0.0107421875 0.014322916666666666
0 0.0712890625 0.6263020833333334 0.005859375 0.013020833333333334
0 0.66357421875 0.6158854166666666 0.0146484375 0.013020833333333334
0 0.92529296875 0.6087239583333334 0.0146484375 0.016927083333333332
0 0.69091796875 0.6015625 0.0087890625 0.0078125
0 0.25927734375 0.611328125 0.0244140625 0.029947916666666668
0 0.87890625 0.6028645833333334 0.015625 0.015625
0 0.80322265625 0.61328125 0.0224609375 0.036458333333333336
0 0.37158203125 0.61328125 0.0205078125 0.036458333333333336
0 0.54345703125 0.6009114583333334 0.0166015625 0.014322916666666666
0 0.08935546875 0.6022135416666666 0.0146484375 0.016927083333333332
0 0.20849609375 0.59765625 0.0087890625 0.015625
0 0.07177734375 0.58984375 0.0068359375 0.010416666666666666
0 0.36328125 0.583984375 0.005859375 0.009114583333333334
0 0.1875 0.583984375 0.01171875 0.014322916666666666
0 0.86669921875 0.580078125 0.0087890625 0.016927083333333332
0 0.77685546875 0.5885416666666666 0.0205078125 0.036458333333333336
0 0.1435546875 0.578125 0.015625 0.018229166666666668
0 0.72314453125 0.5735677083333334 0.0126953125 0.01171875
0 0.3115234375 0.5911458333333334 0.0390625 0.052083333333333336
0 0.90576171875 0.5690104166666666 0.0126953125 0.018229166666666668
0 0.3955078125 0.57421875 0.009765625 0.033854166666666664
0 0.08203125 0.5611979166666666 0.009765625 0.013020833333333334
0 0.8896484375 0.5657552083333334 0.0078125 0.024739583333333332
0 0.23779296875 0.5611979166666666 0.0146484375 0.020833333333333332
0 0.6474609375 0.5533854166666666 0.005859375 0.015625
0 0.1044921875 0.55078125 0.009765625 0.013020833333333334
0 0.20947265625 0.5462239583333334 0.0107421875 0.014322916666666666
0 0.06396484375 0.544921875 0.0107421875 0.01171875
0 0.44580078125 0.5455729166666666 0.0107421875 0.015625
0 0.74169921875 0.5397135416666666 0.0068359375 0.009114583333333334
0 0.4033203125 0.5416666666666666 0.0078125 0.013020833333333334
0 0.046875 0.5455729166666666 0.01171875 0.0234375
0 0.26025390625 0.5384114583333334 0.0048828125 0.014322916666666666
0 0.71337890625 0.5345052083333334 0.0068359375 0.009114583333333334
0 0.13232421875 0.54296875 0.0205078125 0.026041666666666668
0 0.86279296875 0.5305989583333334 0.0068359375 0.009114583333333334
0 0.0146484375 0.529296875 0.0078125 0.009114583333333334
0 0.94384765625 0.5286458333333334 0.0068359375 0.013020833333333334
0 0.634765625 0.5266927083333334 0.015625 0.01171875
0 0.75048828125 0.5208333333333334 0.0126953125 0.018229166666666668
0 0.58642578125 0.5091145833333334 0.0107421875 0.015625
0 0.06884765625 0.5130208333333334 0.0263671875 0.028645833333333332
0 0.2783203125 0.5065104166666666 0.017578125 0.018229166666666668
0 0.94873046875 0.5045572916666666 0.0068359375 0.016927083333333332
0 0.4677734375 0.4973958333333333 0.0078125 0.010416666666666666
0 0.822265625 0.4934895833333333 0.0078125 0.013020833333333334
0 0.1005859375 0.486328125 0.005859375 0.009114583333333334
0 0.6044921875 0.4837239583333333 0.0078125 0.01171875
0 0.28662109375 0.4837239583333333 0.0068359375 0.01171875
0 0.3359375 0.4798177083333333 0.0078125 0.009114583333333334
0 0.49755859375 0.474609375 0.0087890625 0.009114583333333334
0 0.70361328125 0.470703125 0.0068359375 0.009114583333333334
0 0.83837890625 0.4674479166666667 0.0107421875 0.010416666666666666
0 0.728515625 0.4609375 0.0078125 0.010416666666666666
0 0.43359375 0.46484375 0.0078125 0.018229166666666668
0 0.3984375 0.4641927083333333 0.01171875 0.016927083333333332
0 0.36474609375 0.4622395833333333 0.0126953125 0.015625
0 0.908203125 0.455078125 0.005859375 0.016927083333333332
0 0.67724609375 0.451171875 0.0068359375 0.01171875
0 0.10546875 0.4485677083333333 0.0078125 0.009114583333333334
0 0.64453125 0.4479166666666667 0.009765625 0.018229166666666668
0 0.1455078125 0.4505208333333333 0.025390625 0.03125
0 0.298828125 0.4388020833333333 0.0078125 0.013020833333333334
0 0.74609375 0.4342447916666667 0.015625 0.016927083333333332
0 0.92333984375 0.4303385416666667 0.0146484375 0.016927083333333332
0 0.55126953125 0.4368489583333333 0.0166015625 0.032552083333333336
0 0.76806640625 0.4205729166666667 0.0087890625 0.013020833333333334
0 0.46826171875 0.4205729166666667 0.0107421875 0.018229166666666668
0 0.978515625 0.41796875 0.009765625 0.018229166666666668
0 0.794921875 0.4095052083333333 0.005859375 0.01171875
0 0.35546875 0.4270833333333333 0.029296875 0.052083333333333336
0 0.89306640625 0.404296875 0.0087890625 0.009114583333333334
0 0.1845703125 0.4016927083333333 0.0078125 0.009114583333333334
0 0.0927734375 0.4069010416666667 0.01171875 0.01953125
0 0.83935546875 0.3997395833333333 0.0068359375 0.010416666666666666
0 0.91357421875 0.3977864583333333 0.0107421875 0.01171875
0 0.26171875 0.3971354166666667 0.005859375 0.010416666666666666
0 0.45361328125 0.396484375 0.0146484375 0.014322916666666666
0 0.5361328125 0.3932291666666667 0.013671875 0.015625
0 0.33251953125 0.3841145833333333 0.0068359375 0.010416666666666666
0 0.06640625 0.3938802083333333 0.021484375 0.03515625
0 0.21142578125 0.380859375 0.0068359375 0.01171875
0 0.9775390625 0.3841145833333333 0.013671875 0.0234375
0 0.87451171875 0.3795572916666667 0.0087890625 0.014322916666666666
0 0.7119140625 0.37890625 0.009765625 0.013020833333333334
0 0.9111328125 0.3763020833333333 0.005859375 0.010416666666666666
0 0.76708984375 0.3743489583333333 0.0087890625 0.014322916666666666
0 0.8349609375 0.373046875 0.0078125 0.014322916666666666
0 0.140625 0.3606770833333333 0.01171875 0.015625
0 0.18212890625 0.361328125 0.0166015625 0.022135416666666668
0 0.9443359375 0.36328125 0.0234375 0.028645833333333332
0 0.83203125 0.353515625 0.009765625 0.009114583333333334
0 0.67431640625 0.3541666666666667 0.0068359375 0.010416666666666666
0 0.357421875 0.3567708333333333 0.0078125 0.015625
0 0.2607421875 0.35546875 0.0078125 0.013020833333333334
0 0.46728515625 0.3502604166666667 0.0107421875 0.013020833333333334
0 0.0166015625 0.345703125 0.013671875 0.014322916666666666
0 0.5224609375 0.3430989583333333 0.01171875 0.016927083333333332
0 0.74951171875 0.3391927083333333 0.0068359375 0.01171875
0 0.32763671875 0.3391927083333333 0.0048828125 0.01171875
0 0.18994140625 0.3385416666666667 0.0087890625 0.010416666666666666
0 0.39599609375 0.3430989583333333 0.0166015625 0.022135416666666668
0 0.76171875 0.3333333333333333 0.005859375 0.010416666666666666
0 0.607421875 0.3333333333333333 0.013671875 0.015625
0 0.89892578125 0.326171875 0.0146484375 0.016927083333333332
0 0.4482421875 0.32421875 0.01953125 0.020833333333333332
0 0.0380859375 0.318359375 0.009765625 0.01171875
0 0.224609375 0.3470052083333333 0.04296875 0.07161458333333333
0 0.85986328125 0.3177083333333333 0.0126953125 0.015625
0 0.32373046875 0.3138020833333333 0.0087890625 0.015625
0 0.498046875 0.310546875 0.0078125 0.01171875
0 0.353515625 0.3118489583333333 0.0078125 0.014322916666666666
0 0.28369140625 0.3092447916666667 0.0068359375 0.014322916666666666
0 0.93115234375 0.3072916666666667 0.0107421875 0.013020833333333334
0 0.3740234375 0.3248697916666667 0.01953125 0.05078125
0 0.78466796875 0.3092447916666667 0.0068359375 0.022135416666666668
0 0.74609375 0.3098958333333333 0.017578125 0.026041666666666668
0 0.21484375 0.2994791666666667 0.005859375 0.010416666666666666
0 0.17236328125 0.30078125 0.0126953125 0.013020833333333334
0 0.568359375 0.29296875 0.0078125 0.0078125
0 0.310546875 0.2877604166666667 0.005859375 0.010416666666666666
0 0.36376953125 0.2858072916666667 0.0107421875 0.014322916666666666
0 0.2568359375 0.2819010416666667 0.005859375 0.009114583333333334
0 0.03173828125 0.2838541666666667 0.0087890625 0.018229166666666668
0 0.13427734375 0.275390625 0.0068359375 0.009114583333333334
0 0.4970703125 0.2727864583333333 0.0078125 0.009114583333333334
0 0.32763671875 0.2760416666666667 0.0107421875 0.018229166666666668
0 0.970703125 0.2688802083333333 0.0078125 0.009114583333333334
0 0.77099609375 0.2688802083333333 0.0087890625 0.014322916666666666
0 0.41455078125 0.2864583333333333 0.0341796875 0.052083333333333336
0 0.87353515625 0.2727864583333333 0.0185546875 0.02734375
0 0.26513671875 0.2623697916666667 0.0068359375 0.009114583333333334
0 0.05078125 0.26953125 0.017578125 0.0234375
0 0.4404296875 0.259765625 0.009765625 0.014322916666666666
0 0.71240234375 0.2571614583333333 0.0068359375 0.01171875
0 0.6396484375 0.2552083333333333 0.0078125 0.0078125
0 0.95166015625 0.25390625 0.0087890625 0.0078125
0 0.2021484375 0.2526041666666667 0.0078125 0.0078125
0 0.34619140625 0.25 0.0087890625 0.010416666666666666
0 0.7490234375 0.24674479166666666 0.009765625 0.009114583333333334
0 0.458984375 0.24869791666666666 0.009765625 0.013020833333333334
0 0.56640625 0.2526041666666667 0.013671875 0.026041666666666668
0 0.6201171875 0.24153645833333334 0.015625 0.016927083333333332
0 0.44189453125 0.234375 0.0107421875 0.010416666666666666
0 0.12451171875 0.23958333333333334 0.0185546875 0.020833333333333332
0 0.69482421875 0.23372395833333334 0.0126953125 0.016927083333333332
0 0.24658203125 0.23177083333333334 0.0068359375 0.015625
0 0.18359375 0.2265625 0.009765625 0.013020833333333334
0 0.2138671875 0.23111979166666666 0.021484375 0.024739583333333332
0 0.38037109375 0.21940104166666666 0.0107421875 0.01171875
0 0.728515625 0.21744791666666666 0.0078125 0.015625
0 0.6396484375 0.21354166666666666 0.0078125 0.015625
0 0.61767578125 0.21158854166666666 0.0087890625 0.016927083333333332
0 0.81640625 0.21158854166666666 0.017578125 0.024739583333333332
0 0.3271484375 0.20442708333333334 0.0078125 0.010416666666666666
0 0.16455078125 0.203125 0.0068359375 0.0078125
0 0.05322265625 0.203125 0.0341796875 0.018229166666666668
0 0.419921875 0.19791666666666666 0.015625 0.015625
0 0.49609375 0.189453125 0.009765625 0.01171875
0 0.8837890625 0.20182291666666666 0.033203125 0.044270833333333336
0 0.701171875 0.1875 0.015625 0.015625
0 0.0771484375 0.18489583333333334 0.0078125 0.010416666666666666
0 0.5751953125 0.19856770833333334 0.01953125 0.040364583333333336
0 0.9541015625 0.189453125 0.0234375 0.024739583333333332
0 0.35205078125 0.18619791666666666 0.0126953125 0.018229166666666668
0 0.33203125 0.1796875 0.009765625 0.010416666666666666
0 0.830078125 0.17578125 0.01171875 0.015625
0 0.443359375 0.17317708333333334 0.0078125 0.010416666666666666
0 0.36767578125 0.17513020833333334 0.0087890625 0.014322916666666666
0 0.685546875 0.16276041666666666 0.013671875 0.010416666666666666
0 0.15673828125 0.15755208333333334 0.0126953125 0.0078125
0 0.87109375 0.15494791666666666 0.0078125 0.0078125
0 0.84375 0.14713541666666666 0.005859375 0.010416666666666666
0 0.2998046875 0.14388020833333334 0.009765625 0.01171875
0 0.3857421875 0.14388020833333334 0.01171875 0.014322916666666666
0 0.9501953125 0.14192708333333334 0.009765625 0.018229166666666668
0 0.23193359375 0.13346354166666666 0.0068359375 0.009114583333333334
0 0.40966796875 0.13411458333333334 0.0107421875 0.015625
0 0.6669921875 0.130859375 0.0078125 0.01171875
0 0.48291015625 0.130859375 0.0087890625 0.01171875
0 0.3349609375 0.13020833333333334 0.0078125 0.010416666666666666
0 0.916015625 0.13151041666666666 0.009765625 0.020833333333333332
0 0.82666015625 0.13020833333333334 0.0185546875 0.020833333333333332
0 0.9765625 0.12369791666666667 0.0078125 0.013020833333333334
0 0.9453125 0.11783854166666667 0.015625 0.014322916666666666
0 0.7578125 0.12239583333333333 0.01171875 0.026041666666666668
0 0.080078125 0.11588541666666667 0.009765625 0.013020833333333334
0 0.18115234375 0.11588541666666667 0.0068359375 0.015625
0 0.41162109375 0.11002604166666667 0.0087890625 0.009114583333333334
0 0.53369140625 0.107421875 0.0068359375 0.014322916666666666
0 0.3876953125 0.10872395833333333 0.013671875 0.016927083333333332
0 0.984375 0.10611979166666667 0.0078125 0.014322916666666666
0 0.30224609375 0.10611979166666667 0.0205078125 0.024739583333333332
0 0.04833984375 0.09635416666666667 0.0107421875 0.010416666666666666
0 0.48193359375 0.09440104166666667 0.0068359375 0.009114583333333334
0 0.08251953125 0.09375 0.0087890625 0.013020833333333334
0 0.361328125 0.09049479166666667 0.0078125 0.009114583333333334
0 0.73046875 0.091796875 0.015625 0.01953125
0 0.44580078125 0.09505208333333333 0.0107421875 0.026041666666666668
0 0.34619140625 0.08658854166666667 0.0068359375 0.014322916666666666
0 0.84228515625 0.08854166666666667 0.0166015625 0.020833333333333332
0 0.2421875 0.09375 0.029296875 0.036458333333333336
0 0.41357421875 0.076171875 0.0126953125 0.009114583333333334
0 0.52734375 0.06705729166666667 0.0078125 0.009114583333333334
0 0.6064453125 0.07942708333333333 0.01171875 0.036458333333333336
0 0.3466796875 0.06510416666666667 0.005859375 0.010416666666666666
0 0.287109375 0.064453125 0.015625 0.014322916666666666
0 0.48779296875 0.06705729166666667 0.0185546875 0.022135416666666668
0 0.37744140625 0.064453125 0.0126953125 0.022135416666666668
0 0.9287109375 0.0546875 0.0234375 0.028645833333333332
0 0.3486328125 0.046875 0.005859375 0.013020833333333334
0 0.16259765625 0.043619791666666664 0.0068359375 0.009114583333333334
0 0.08251953125 0.052734375 0.0126953125 0.02734375
0 0.03955078125 0.044921875 0.0068359375 0.01171875
0 0.72412109375 0.041015625 0.0107421875 0.01171875
0 0.59375 0.0390625 0.009765625 0.010416666666666666
0 0.869140625 0.037760416666666664 0.005859375 0.010416666666666666
0 0.82421875 0.03515625 0.005859375 0.010416666666666666
0 0.95458984375 0.033854166666666664 0.0087890625 0.013020833333333334
0 0.98095703125 0.044921875 0.0126953125 0.040364583333333336
0 0.20068359375 0.033854166666666664 0.0166015625 0.020833333333333332
0 0.50830078125 0.031901041666666664 0.0107421875 0.01953125
0 0.39794921875 0.024088541666666668 0.0126953125 0.014322916666666666
0 0.07666015625 0.01953125 0.0087890625 0.0078125
0 0.32421875 0.01953125 0.0078125 0.013020833333333334
0 0.53466796875 0.017578125 0.0087890625 0.01171875
0 0.5146484375 0.013020833333333334 0.0078125 0.010416666666666666
0 0.0390625 0.017578125 0.009765625 0.022135416666666668
0 0.48291015625 0.013020833333333334 0.0107421875 0.015625
0 0.6953125 0.0078125 0.005859375 0.015625
0 0.087890625 0.004557291666666667 0.0078125 0.009114583333333334
0 0.00439453125 0.008463541666666666 0.0087890625 0.016927083333333332
0 0.4140625 0.875 0.01171875 0.015625
0 0.46435546875 0.8697916666666666 0.0146484375 0.015625