2 0.7509765625 0.8932291666666666 0.015625 0.010416666666666666
2 0.8095703125 0.8470052083333334 0.005859375 0.009114583333333334
2 0.24365234375 0.845703125 0.0068359375 0.014322916666666666
2 0.8212890625 0.8352864583333334 0.015625 0.01171875
2 0.28564453125 0.736328125 0.0166015625 0.016927083333333332
2 0.78369140625 0.7786458333333334 0.0537109375 0.12760416666666666
2 0.62060546875 0.630859375 0.0087890625 0.01171875
2 0.52685546875 0.6263020833333334 0.0087890625 0.0078125
2 0.705078125 0.6158854166666666 0.005859375 0.015625
2 0.75048828125 0.5852864583333334 0.0087890625 0.01171875
2 0.6826171875 0.5514322916666666 0.0078125 0.009114583333333334
2 0.59912109375 0.541015625 0.0087890625 0.016927083333333332
2 0.72509765625 0.5123697916666666 0.0166015625 0.022135416666666668
2 0.5322265625 0.51171875 0.01953125 0.026041666666666668
2 0.7099609375 0.4915364583333333 0.01171875 0.014322916666666666
2 0.51318359375 0.4908854166666667 0.0107421875 0.013020833333333334
2 0.75634765625 0.4713541666666667 0.0166015625 0.018229166666666668
2 0.61962890625 0.4557291666666667 0.0107421875 0.020833333333333332
2 0.35400390625 0.4225260416666667 0.0068359375 0.009114583333333334
2 0.85205078125 0.396484375 0.0068359375 0.009114583333333334
2 0.7802734375 0.3704427083333333 0.013671875 0.01953125
2 0.79736328125 0.3326822916666667 0.0107421875 0.014322916666666666
2 0.416015625 0.3255208333333333 0.0078125 0.013020833333333334
2 0.86376953125 0.26171875 0.0068359375 0.010416666666666666
2 0.90234375 0.20572916666666666 0.005859375 0.010416666666666666
2 0.46728515625 0.19661458333333334 0.0087890625 0.010416666666666666
2 0.90673828125 0.18619791666666666 0.0068359375 0.015625
2 0.9375 0.17838541666666666 0.01171875 0.020833333333333332
2 0.978515625 0.12565104166666666 0.013671875 0.02734375
2 0.9423828125 0.1171875 0.01953125 0.044270833333333336
2 0.0693359375 0.052083333333333336 0.013671875 0.020833333333333332
2 0.04931640625 0.17578125 0.0185546875 0.0234375
2 0.171875 0.13997395833333334 0.013671875 0.022135416666666668
2 0.2177734375 0.158203125 0.021484375 0.016927083333333332
2 0.2666015625 0.17317708333333334 0.01953125 0.0234375
2 0.111328125 0.3059895833333333 0.015625 0.033854166666666664
2 0.43115234375 0.18033854166666666 0.0224609375 0.032552083333333336
2 0.71875 0.059244791666666664 0.0234375 0.03515625
2 0.77685546875 0.248046875 0.0126953125 0.01953125
2 0.7724609375 0.2552083333333333 0.0078125 0.005208333333333333
2 0.71435546875 0.22916666666666666 0.0146484375 0.020833333333333332
2 0.025390625 0.62109375 0.015625 0.028645833333333332
2 0.23828125 0.6653645833333334 0.017578125 0.0234375
2 0.572265625 0.705078125 0.01171875 0.014322916666666666
2 0.1826171875 0.7526041666666666 0.013671875 0.026041666666666668
2 0.185546875 0.5338541666666666 0.017578125 0.018229166666666668
2 0.13916015625 0.5266927083333334 0.0087890625 0.009114583333333334
2 0.48095703125 0.7643229166666666 0.0341796875 0.049479166666666664
2 0.57568359375 0.8352864583333334 0.0185546875 0.024739583333333332