2 0.57421875 0.8404947916666666 0.005859375 0.014322916666666666
2 0.78564453125 0.8359375 0.0068359375 0.010416666666666666
2 0.8359375 0.82421875 0.005859375 0.010416666666666666
2 0.99169921875 0.822265625 0.0068359375 0.01171875
2 0.01513671875 0.8111979166666666 0.0068359375 0.020833333333333332
2 0.00341796875 0.7845052083333334 0.0068359375 0.01171875
2 0.369140625 0.7682291666666666 0.005859375 0.018229166666666668
2 0.7548828125 0.75390625 0.009765625 0.020833333333333332
2 0.14306640625 0.6888020833333334 0.0087890625 0.0078125
2 0.9072265625 0.6653645833333334 0.0078125 0.010416666666666666
2 0.52880859375 0.6555989583333334 0.0068359375 0.01171875
2 0.02880859375 0.6236979166666666 0.0107421875 0.010416666666666666
2 0.84423828125 0.6139322916666666 0.0068359375 0.014322916666666666
2 0.06494140625 0.59765625 0.0087890625 0.013020833333333334
2 0.5732421875 0.576171875 0.0078125 0.009114583333333334
2 0.36376953125 0.578125 0.0087890625 0.013020833333333334
2 0.24658203125 0.56640625 0.0087890625 0.015625
2 0.49365234375 0.5436197916666666 0.0087890625 0.009114583333333334
2 0.12109375 0.5149739583333334 0.005859375 0.01171875
2 0.99609375 0.470703125 0.0078125 0.009114583333333334
2 0.59033203125 0.4557291666666667 0.0068359375 0.010416666666666666
2 0.32421875 0.455078125 0.009765625 0.009114583333333334
2 0.4287109375 0.4446614583333333 0.0078125 0.009114583333333334
2 0.97314453125 0.4329427083333333 0.0068359375 0.01171875
2 0.3544921875 0.4244791666666667 0.0078125 0.013020833333333334
2 0.34130859375 0.3951822916666667 0.0068359375 0.009114583333333334
2 0.76904296875 0.375 0.0126953125 0.013020833333333334
2 0.14892578125 0.357421875 0.0107421875 0.01171875
2 0.26708984375 0.3567708333333333 0.0068359375 0.013020833333333334
2 0.93994140625 0.3209635416666667 0.0068359375 0.009114583333333334
2 0.40283203125 0.3118489583333333 0.0087890625 0.01171875
2 0.11376953125 0.3079427083333333 0.0068359375 0.009114583333333334
2 0.43603515625 0.302734375 0.0126953125 0.009114583333333334
2 0.2451171875 0.2578125 0.0078125 0.010416666666666666
2 0.00390625 0.2571614583333333 0.0078125 0.01171875
2 0.70849609375 0.20572916666666666 0.0087890625 0.0078125
2 0.5048828125 0.201171875 0.005859375 0.01171875
2 0.4267578125 0.1796875 0.005859375 0.010416666666666666
2 0.05126953125 0.1796875 0.0068359375 0.010416666666666666
2 0.29736328125 0.150390625 0.0087890625 0.01171875
2 0.986328125 0.107421875 0.009765625 0.01171875
2 0.82861328125 0.057942708333333336 0.0068359375 0.009114583333333334
2 0.0712890625 0.054036458333333336 0.009765625 0.01171875