0 0.28369140625 0.9147135416666666 0.0283203125 0.009114583333333334
0 0.66015625 0.9010416666666666 0.013671875 0.020833333333333332
0 0.1689453125 0.9029947916666666 0.021484375 0.032552083333333336
0 0.01953125 0.8997395833333334 0.0390625 0.026041666666666668
0 0.2802734375 0.8938802083333334 0.015625 0.01953125
0 0.6064453125 0.8821614583333334 0.0390625 0.024739583333333332
0 0.69140625 0.8776041666666666 0.0390625 0.03125
0 0.7578125 0.888671875 0.083984375 0.061197916666666664
0 0.294921875 0.8587239583333334 0.025390625 0.02734375
0 0.6552734375 0.853515625 0.029296875 0.048177083333333336
0 0.990234375 0.8404947916666666 0.01953125 0.053385416666666664
0 0.3349609375 0.8255208333333334 0.01953125 0.033854166666666664
0 0.9091796875 0.7955729166666666 0.0234375 0.0234375
0 0.97412109375 0.767578125 0.0517578125 0.024739583333333332
0 0.96826171875 0.7298177083333334 0.0185546875 0.01171875
0 0.51708984375 0.7220052083333334 0.0322265625 0.045572916666666664
0 0.5302734375 0.6848958333333334 0.01171875 0.026041666666666668
0 0.427734375 0.7109375 0.083984375 0.15364583333333334
0 0.4951171875 0.6263020833333334 0.01953125 0.018229166666666668
0 0.60791015625 0.6243489583333334 0.0126953125 0.02734375
0 0.25537109375 0.6302083333333334 0.0322265625 0.044270833333333336
0 0.4365234375 0.6236979166666666 0.03515625 0.046875
0 0.7763671875 0.603515625 0.048828125 0.022135416666666668
0 0.54052734375 0.6204427083333334 0.0693359375 0.08203125
0 0.59716796875 0.58203125 0.0224609375 0.0234375
0 0.9365234375 0.5794270833333334 0.041015625 0.020833333333333332
0 0.3115234375 0.5690104166666666 0.017578125 0.018229166666666668
0 0.626953125 0.5533854166666666 0.029296875 0.03125
0 0.14111328125 0.546875 0.0224609375 0.028645833333333332
0 0.3408203125 0.5423177083333334 0.029296875 0.032552083333333336
0 0.69384765625 0.482421875 0.0185546875 0.022135416666666668
0 0.0751953125 0.427734375 0.021484375 0.029947916666666668
0 0.6796875 0.4446614583333333 0.11328125 0.15234375
0 0.11328125 0.3815104166666667 0.03125 0.044270833333333336
0 0.07080078125 0.3274739583333333 0.0439453125 0.048177083333333336
0 0.3994140625 0.3359375 0.064453125 0.08072916666666667
0 0.97607421875 0.296875 0.0478515625 0.08072916666666667
0 0.76611328125 0.2604166666666667 0.0185546875 0.028645833333333332
0 0.37060546875 0.265625 0.0380859375 0.06770833333333333
0 0.81689453125 0.23958333333333334 0.0673828125 0.044270833333333336
0 0.7509765625 0.21809895833333334 0.044921875 0.032552083333333336
0 0.20947265625 0.193359375 0.0224609375 0.01953125
0 0.56689453125 0.16341145833333334 0.0380859375 0.07942708333333333
0 0.75048828125 0.06770833333333333 0.0146484375 0.013020833333333334
0 0.40771484375 0.068359375 0.0673828125 0.037760416666666664
0 0.84423828125 0.055338541666666664 0.1240234375 0.11067708333333333
0 0.82275390625 0.026041666666666668 0.0576171875 0.052083333333333336
0 0.611328125 0.029947916666666668 0.04296875 0.059895833333333336
0 0.451171875 0.020182291666666668 0.01953125 0.040364583333333336
0 0.20751953125 0.03515625 0.0478515625 0.0703125
0 0.15234375 0.02734375 0.078125 0.0546875
0 0.03466796875 0.068359375 0.0693359375 0.13671875
0 0.27734375 0.17122395833333334 0.08203125 0.08984375
0 0.24609375 0.5618489583333334 0.0546875 0.05859375
0 0.04931640625 0.6256510416666666 0.0556640625 0.11067708333333333
0 0.0791015625 0.21614583333333334 0.052734375 0.0703125