0 0.56640625 0.9075520833333334 0.009765625 0.0234375
0 0.09423828125 0.9010416666666666 0.1005859375 0.036458333333333336
0 0.416015625 0.8977864583333334 0.052734375 0.04296875
0 0.3291015625 0.8977864583333334 0.103515625 0.04296875
0 0.044921875 0.8606770833333334 0.08984375 0.1171875
0 0.404296875 0.8131510416666666 0.044921875 0.045572916666666664
0 0.70654296875 0.7252604166666666 0.0341796875 0.0234375
0 0.0888671875 0.697265625 0.0390625 0.048177083333333336
0 0.02001953125 0.6953125 0.0400390625 0.06510416666666667
0 0.814453125 0.71484375 0.05859375 0.109375
0 0.01220703125 0.6640625 0.0166015625 0.013020833333333334
0 0.083984375 0.626953125 0.02734375 0.02734375
0 0.625 0.6048177083333334 0.111328125 0.08203125
0 0.13232421875 0.560546875 0.0576171875 0.05078125
0 0.82763671875 0.51171875 0.0146484375 0.018229166666666668
0 0.1650390625 0.4856770833333333 0.07421875 0.059895833333333336
0 0.4208984375 0.44140625 0.03515625 0.028645833333333332
0 0.11865234375 0.439453125 0.0302734375 0.032552083333333336
0 0.5537109375 0.3509114583333333 0.009765625 0.01953125
0 0.98193359375 0.4010416666666667 0.0361328125 0.1796875
0 0.46630859375 0.2630208333333333 0.0322265625 0.0234375
0 0.07763671875 0.2513020833333333 0.0166015625 0.015625
0 0.162109375 0.24348958333333334 0.0546875 0.0546875
0 0.31494140625 0.228515625 0.0498046875 0.032552083333333336
0 0.7490234375 0.224609375 0.07421875 0.03515625
0 0.36279296875 0.193359375 0.0224609375 0.024739583333333332
0 0.85888671875 0.22005208333333334 0.0400390625 0.08854166666666667
0 0.13427734375 0.16927083333333334 0.0263671875 0.0234375
0 0.81005859375 0.181640625 0.0400390625 0.06901041666666667
0 0.9931640625 0.15494791666666666 0.013671875 0.033854166666666664
0 0.4326171875 0.12825520833333334 0.03515625 0.016927083333333332
0 0.95703125 0.17838541666666666 0.072265625 0.1328125
0 0.75537109375 0.07486979166666667 0.0419921875 0.06901041666666667
0 0.69775390625 0.061848958333333336 0.0869140625 0.07942708333333333
0 0.50244140625 0.017578125 0.0478515625 0.03515625
0 0.0224609375 0.043619791666666664 0.0390625 0.08723958333333333
0 0.55029296875 0.7141927083333334 0.0654296875 0.10286458333333333
0 0.72802734375 0.8483072916666666 0.0732421875 0.07421875
0 0.673828125 0.5071614583333334 0.044921875 0.061197916666666664
0 0.6064453125 0.791015625 0.0546875 0.08203125
0 0.546875 0.8430989583333334 0.0703125 0.07942708333333333
0 0.3515625 0.2923177083333333 0.083984375 0.05859375
0 0.68701171875 0.17317708333333334 0.0458984375 0.052083333333333336
0 0.47998046875 0.07486979166666667 0.0849609375 0.08463541666666667
0 0.16259765625 0.658203125 0.0439453125 0.07682291666666667