0 0.003906 0.902995 0.007812 0.011719
0 0.698730 0.891276 0.006836 0.009115
0 0.948730 0.888672 0.010742 0.016927
0 0.116211 0.870443 0.011719 0.014323
0 0.990234 0.875651 0.019531 0.037760
0 0.451660 0.851562 0.006836 0.013021
0 0.102539 0.846354 0.011719 0.010417
0 0.742676 0.822266 0.010742 0.016927
0 0.113281 0.822266 0.007812 0.016927
0 0.614746 0.794271 0.028320 0.015625
0 0.662109 0.787109 0.005859 0.006510
0 0.409180 0.787109 0.007812 0.009115
0 0.868652 0.779948 0.014648 0.026042
0 0.173828 0.774089 0.007812 0.014323
0 0.085938 0.767578 0.007812 0.006510
0 0.679199 0.759766 0.008789 0.006510
0 0.664551 0.753255 0.016602 0.006510
0 0.740234 0.746745 0.009766 0.011719
0 0.204590 0.741536 0.010742 0.016927
0 0.213379 0.726562 0.004883 0.013021
0 0.918945 0.731771 0.029297 0.039062
0 0.875000 0.719401 0.015625 0.016927
0 0.090820 0.714844 0.005859 0.010417
0 0.821777 0.703125 0.008789 0.007812
0 0.849609 0.708333 0.041016 0.046875
0 0.911621 0.689453 0.018555 0.014323
0 0.103027 0.691406 0.006836 0.020833
0 0.224121 0.686849 0.016602 0.022135
0 0.749023 0.678385 0.013672 0.007812
0 0.132324 0.671224 0.004883 0.009115
0 0.115234 0.669922 0.007812 0.006510
0 0.758789 0.668620 0.003906 0.014323
0 0.148926 0.671875 0.012695 0.026042
0 0.152344 0.651693 0.009766 0.009115
0 0.666992 0.660807 0.025391 0.029948
0 0.804199 0.639323 0.006836 0.013021
0 0.829590 0.636068 0.004883 0.016927
0 0.954102 0.640625 0.025391 0.052083
0 0.002930 0.612630 0.005859 0.029948
0 0.989746 0.597656 0.012695 0.013021
0 0.791992 0.602865 0.017578 0.036458
0 0.814453 0.602865 0.025391 0.041667
0 0.027344 0.615885 0.054688 0.125000
0 0.059082 0.570312 0.012695 0.039062
0 0.003418 0.565755 0.006836 0.029948
0 0.040039 0.553385 0.011719 0.010417
0 0.896973 0.555990 0.024414 0.028646
0 0.959961 0.536458 0.009766 0.010417
0 0.903320 0.525391 0.015625 0.035156
0 0.117676 0.506510 0.010742 0.018229
0 0.199219 0.498698 0.011719 0.020833
0 0.102539 0.493490 0.005859 0.010417
0 0.139648 0.493490 0.017578 0.031250
0 0.966797 0.481120 0.007812 0.009115
0 0.003418 0.470052 0.006836 0.005208
0 0.955566 0.507161 0.088867 0.105469
0 0.946289 0.444010 0.013672 0.020833
0 0.997559 0.402344 0.004883 0.010417
0 0.199707 0.392578 0.006836 0.011719
0 0.036621 0.380208 0.073242 0.059896
0 0.961426 0.355469 0.014648 0.013021
0 0.005859 0.341797 0.011719 0.009115
0 0.981445 0.330078 0.015625 0.029948
0 0.953613 0.325521 0.034180 0.020833
0 0.058594 0.313151 0.007812 0.006510
0 0.955078 0.316406 0.015625 0.015625
0 0.428223 0.272135 0.008789 0.010417
0 0.438965 0.271484 0.012695 0.014323
0 0.997559 0.268229 0.004883 0.018229
0 0.447266 0.248698 0.013672 0.020833
0 0.186035 0.242839 0.004883 0.011719
0 0.043945 0.199219 0.007812 0.013021
0 0.515625 0.194010 0.009766 0.010417
0 0.119141 0.200521 0.019531 0.023438
0 0.426758 0.153646 0.017578 0.020833
0 0.239258 0.145182 0.009766 0.011719
0 0.137207 0.151042 0.026367 0.023438
0 0.981934 0.125000 0.006836 0.007812
0 0.989746 0.127604 0.006836 0.018229
0 0.022949 0.106120 0.032227 0.024740
0 0.863770 0.071615 0.008789 0.013021
0 0.743164 0.066406 0.009766 0.007812
0 0.071777 0.070964 0.026367 0.024740
0 0.733398 0.063802 0.003906 0.013021
0 0.580566 0.057943 0.016602 0.014323
0 0.006348 0.064453 0.012695 0.035156
0 0.857422 0.057292 0.013672 0.023438
0 0.886719 0.050130 0.011719 0.014323
0 0.983398 0.035807 0.009766 0.011719
0 0.545898 0.033203 0.015625 0.016927
0 0.005859 0.027344 0.009766 0.007812
0 0.032227 0.023438 0.005859 0.015625
0 0.997070 0.018880 0.005859 0.011719
0 0.741699 0.011068 0.012695 0.009115
0 0.950684 0.008464 0.010742 0.016927
0 0.910645 0.003906 0.010742 0.007812
0 0.891113 0.007812 0.020508 0.015625
0 0.791992 0.010417 0.023438 0.020833
0 0.580078 0.010417 0.019531 0.020833
0 0.491699 0.011719 0.012695 0.023438
0 0.384766 0.004557 0.013672 0.009115
0 0.340332 0.028646 0.055664 0.057292
0 0.250000 0.004557 0.007812 0.009115
0 0.223633 0.005859 0.009766 0.011719
0 0.210938 0.004557 0.007812 0.009115
0 0.120117 0.005208 0.023438 0.010417
0 0.091309 0.004557 0.024414 0.009115
0 0.049805 0.010417 0.042969 0.020833