0 0.5517578125 0.912109375 0.03515625 0.014322916666666666
0 0.283203125 0.896484375 0.01171875 0.024739583333333332
0 0.728515625 0.88671875 0.013671875 0.0234375
0 0.05419921875 0.8860677083333334 0.0166015625 0.029947916666666668
0 0.8857421875 0.8736979166666666 0.01953125 0.013020833333333334
0 0.8125 0.8834635416666666 0.0390625 0.07161458333333333
0 0.7607421875 0.8717447916666666 0.02734375 0.048177083333333336
0 0.1533203125 0.8658854166666666 0.03125 0.036458333333333336
0 0.37646484375 0.869140625 0.0419921875 0.05078125
0 0.3115234375 0.853515625 0.017578125 0.022135416666666668
0 0.21630859375 0.8450520833333334 0.0439453125 0.033854166666666664
0 0.388671875 0.7760416666666666 0.009765625 0.028645833333333332
0 0.77685546875 0.7760416666666666 0.0166015625 0.0390625
0 0.9677734375 0.744140625 0.033203125 0.040364583333333336
0 0.59033203125 0.7265625 0.0126953125 0.026041666666666668
0 0.4072265625 0.6712239583333334 0.01953125 0.01953125
0 0.4814453125 0.6751302083333334 0.021484375 0.03515625
0 0.6435546875 0.6608072916666666 0.013671875 0.024739583333333332
0 0.85888671875 0.6451822916666666 0.0107421875 0.022135416666666668
0 0.4951171875 0.6341145833333334 0.021484375 0.033854166666666664
0 0.98779296875 0.6139322916666666 0.0244140625 0.029947916666666668
0 0.0400390625 0.6145833333333334 0.04296875 0.0390625
0 0.595703125 0.5904947916666666 0.0234375 0.029947916666666668
0 0.2412109375 0.5787760416666666 0.03515625 0.04296875
0 0.68798828125 0.5774739583333334 0.0126953125 0.048177083333333336
0 0.49755859375 0.5455729166666666 0.0107421875 0.03125
0 0.9873046875 0.5462239583333334 0.013671875 0.037760416666666664
0 0.27001953125 0.53125 0.0146484375 0.018229166666666668
0 0.86669921875 0.5227864583333334 0.0185546875 0.01953125
0 0.9306640625 0.509765625 0.046875 0.037760416666666664
0 0.23388671875 0.4759114583333333 0.0341796875 0.02734375
0 0.01416015625 0.44921875 0.0205078125 0.020833333333333332
0 0.70263671875 0.4459635416666667 0.0107421875 0.01953125
0 0.98193359375 0.4459635416666667 0.0244140625 0.029947916666666668
0 0.2373046875 0.4231770833333333 0.0234375 0.015625
0 0.11669921875 0.4388020833333333 0.0419921875 0.052083333333333336
0 0.68603515625 0.4290364583333333 0.0185546875 0.03515625
0 0.0703125 0.4322916666666667 0.04296875 0.052083333333333336
0 0.1611328125 0.4075520833333333 0.03515625 0.013020833333333334
0 0.69921875 0.384765625 0.021484375 0.029947916666666668
0 0.13427734375 0.3743489583333333 0.0087890625 0.022135416666666668
0 0.48486328125 0.3470052083333333 0.0771484375 0.02734375
0 0.9501953125 0.3600260416666667 0.04296875 0.061197916666666664
0 0.56103515625 0.3580729166666667 0.0419921875 0.057291666666666664
0 0.19287109375 0.3287760416666667 0.0244140625 0.037760416666666664
0 0.8515625 0.3307291666666667 0.03515625 0.046875
0 0.74462890625 0.2858072916666667 0.0107421875 0.02734375
0 0.34326171875 0.2884114583333333 0.0341796875 0.032552083333333336
0 0.771484375 0.2708333333333333 0.01171875 0.028645833333333332
0 0.71142578125 0.2578125 0.0185546875 0.013020833333333334
0 0.87451171875 0.259765625 0.0146484375 0.022135416666666668
0 0.90966796875 0.2506510416666667 0.0205078125 0.014322916666666666
0 0.27490234375 0.251953125 0.0146484375 0.032552083333333336
0 0.49560546875 0.24153645833333334 0.0322265625 0.016927083333333332
0 0.72802734375 0.22981770833333334 0.0556640625 0.040364583333333336
0 0.646484375 0.22005208333333334 0.015625 0.020833333333333332
0 0.0810546875 0.22721354166666666 0.056640625 0.05859375
0 0.90478515625 0.158203125 0.0302734375 0.016927083333333332
0 0.59326171875 0.150390625 0.0126953125 0.02734375
0 0.61474609375 0.14713541666666666 0.0087890625 0.036458333333333336
0 0.873046875 0.13802083333333334 0.02734375 0.0234375
0 0.26708984375 0.17252604166666666 0.0595703125 0.09505208333333333
0 0.0302734375 0.12760416666666666 0.01171875 0.026041666666666668
0 0.7900390625 0.1171875 0.015625 0.020833333333333332
0 0.5986328125 0.11067708333333333 0.013671875 0.026041666666666668
0 0.2763671875 0.10091145833333333 0.01953125 0.022135416666666668
0 0.04638671875 0.099609375 0.0205078125 0.022135416666666668
0 0.33154296875 0.09309895833333333 0.0166015625 0.016927083333333332
0 0.79541015625 0.07747395833333333 0.0146484375 0.01953125
0 0.4599609375 0.07291666666666667 0.01953125 0.013020833333333334
0 0.16552734375 0.1015625 0.0244140625 0.0859375
0 0.52880859375 0.064453125 0.0185546875 0.016927083333333332
0 0.41015625 0.08333333333333333 0.072265625 0.06510416666666667
0 0.85205078125 0.06380208333333333 0.0302734375 0.033854166666666664
0 0.77978515625 0.046875 0.0205078125 0.015625
0 0.69091796875 0.049479166666666664 0.0283203125 0.049479166666666664
0 0.86767578125 0.010416666666666666 0.0205078125 0.020833333333333332
0 0.75732421875 0.010416666666666666 0.0244140625 0.020833333333333332
0 0.5673828125 0.014322916666666666 0.009765625 0.028645833333333332
0 0.3583984375 0.6315104166666666 0.056640625 0.044270833333333336
0 0.36328125 0.5553385416666666 0.07421875 0.055989583333333336
0 0.16748046875 0.6295572916666666 0.0439453125 0.08203125
0 0.39111328125 0.708984375 0.0224609375 0.055989583333333336