0 0.53662109375 0.9049479166666666 0.0166015625 0.020833333333333332
0 0.61376953125 0.9016927083333334 0.0302734375 0.029947916666666668
0 0.78515625 0.8990885416666666 0.03125 0.03515625
0 0.03466796875 0.8893229166666666 0.0166015625 0.026041666666666668
0 0.85302734375 0.8958333333333334 0.0166015625 0.041666666666666664
0 0.10302734375 0.892578125 0.0205078125 0.048177083333333336
0 0.244140625 0.8893229166666666 0.046875 0.052083333333333336
0 0.982421875 0.8834635416666666 0.025390625 0.055989583333333336
0 0.2490234375 0.861328125 0.04296875 0.02734375
0 0.908203125 0.87109375 0.017578125 0.049479166666666664
0 0.9501953125 0.85546875 0.01953125 0.033854166666666664
0 0.43994140625 0.8776041666666666 0.0654296875 0.078125
0 0.34228515625 0.8580729166666666 0.0498046875 0.044270833333333336
0 0.5458984375 0.8444010416666666 0.01171875 0.029947916666666668
0 0.71728515625 0.8528645833333334 0.0244140625 0.049479166666666664
0 0.58984375 0.8424479166666666 0.013671875 0.028645833333333332
0 0.66845703125 0.841796875 0.0185546875 0.029947916666666668
0 0.30517578125 0.8515625 0.0185546875 0.06510416666666667
0 0.052734375 0.8268229166666666 0.0078125 0.03125
0 0.3798828125 0.8313802083333334 0.01953125 0.05859375
0 0.7373046875 0.8092447916666666 0.013671875 0.024739583333333332
0 0.5048828125 0.8359375 0.02734375 0.08072916666666667
0 0.888671875 0.8053385416666666 0.03515625 0.053385416666666664
0 0.20654296875 0.8111979166666666 0.0361328125 0.08854166666666667
0 0.60009765625 0.7819010416666666 0.0185546875 0.032552083333333336
0 0.45263671875 0.7981770833333334 0.0283203125 0.0703125
0 0.265625 0.7845052083333334 0.04296875 0.06901041666666667
0 0.94970703125 0.7825520833333334 0.0458984375 0.07291666666666667
0 0.1640625 0.7578125 0.0234375 0.0234375
0 0.52783203125 0.767578125 0.0322265625 0.055989583333333336
0 0.99609375 0.7467447916666666 0.0078125 0.029947916666666668
0 0.68896484375 0.765625 0.0478515625 0.08333333333333333
0 0.0126953125 0.7389322916666666 0.025390625 0.03515625
0 0.49560546875 0.7291666666666666 0.0126953125 0.018229166666666668
0 0.26904296875 0.72265625 0.0302734375 0.013020833333333334
0 0.40234375 0.7415364583333334 0.0234375 0.05859375
0 0.759765625 0.7180989583333334 0.01171875 0.02734375
0 0.70263671875 0.7200520833333334 0.0263671875 0.033854166666666664
0 0.072265625 0.7571614583333334 0.064453125 0.10807291666666667
0 0.52490234375 0.7096354166666666 0.0166015625 0.020833333333333332
0 0.32958984375 0.705078125 0.0244140625 0.029947916666666668
0 0.1943359375 0.7005208333333334 0.01953125 0.028645833333333332
0 0.11376953125 0.6979166666666666 0.0380859375 0.0390625
0 0.38720703125 0.6959635416666666 0.0283203125 0.040364583333333336
0 0.25048828125 0.6940104166666666 0.0224609375 0.0390625
0 0.60986328125 0.693359375 0.0341796875 0.040364583333333336
0 0.66748046875 0.703125 0.0341796875 0.09895833333333333
0 0.3818359375 0.6640625 0.03515625 0.0234375
0 0.58935546875 0.66015625 0.0166015625 0.020833333333333332
0 0.052734375 0.6673177083333334 0.029296875 0.037760416666666664
0 0.55615234375 0.7265625 0.0615234375 0.1640625
0 0.31884765625 0.662109375 0.0244140625 0.037760416666666664
0 0.009765625 0.6490885416666666 0.01953125 0.016927083333333332
0 0.1123046875 0.6510416666666666 0.01953125 0.0234375
0 0.68505859375 0.6243489583333334 0.0166015625 0.022135416666666668
0 0.08056640625 0.646484375 0.0185546875 0.06640625
0 0.46630859375 0.6595052083333334 0.0556640625 0.10026041666666667
0 0.146484375 0.6334635416666666 0.033203125 0.048177083333333336
0 0.9541015625 0.6223958333333334 0.037109375 0.036458333333333336
0 0.15625 0.6015625 0.021484375 0.018229166666666668
0 0.1953125 0.6302083333333334 0.037109375 0.0859375
0 0.1142578125 0.595703125 0.013671875 0.022135416666666668
0 0.9052734375 0.6256510416666666 0.095703125 0.08463541666666667
0 0.45556640625 0.5944010416666666 0.0185546875 0.024739583333333332
0 0.0361328125 0.5950520833333334 0.029296875 0.033854166666666664
0 0.41259765625 0.595703125 0.0244140625 0.04296875
0 0.51953125 0.5852864583333334 0.021484375 0.02734375
0 0.92919921875 0.5755208333333334 0.0283203125 0.036458333333333336
0 0.6240234375 0.59765625 0.05078125 0.08333333333333333
0 0.96875 0.57421875 0.025390625 0.049479166666666664
0 0.26123046875 0.5859375 0.0517578125 0.08072916666666667
0 0.72998046875 0.5794270833333334 0.0419921875 0.08854166666666667
0 0.5634765625 0.5794270833333334 0.0546875 0.08854166666666667
0 0.30810546875 0.5397135416666666 0.0244140625 0.022135416666666668
0 0.45751953125 0.5514322916666666 0.0224609375 0.055989583333333336
0 0.416015625 0.537109375 0.02734375 0.029947916666666668
0 0.9794921875 0.5338541666666666 0.03125 0.028645833333333332
0 0.6015625 0.5325520833333334 0.017578125 0.033854166666666664
0 0.865234375 0.638671875 0.1953125 0.2591145833333333
0 0.50537109375 0.5169270833333334 0.0224609375 0.026041666666666668
0 0.15673828125 0.5201822916666666 0.0380859375 0.032552083333333336
0 0.22607421875 0.5149739583333334 0.0439453125 0.045572916666666664
0 0.97412109375 0.501953125 0.0107421875 0.02734375
0 0.10498046875 0.5110677083333334 0.0244140625 0.061197916666666664
0 0.0078125 0.5032552083333334 0.015625 0.07942708333333333
0 0.92431640625 0.470703125 0.0185546875 0.016927083333333332
0 0.64404296875 0.4921875 0.0341796875 0.0703125
0 0.79931640625 0.4654947916666667 0.0185546875 0.024739583333333332
0 0.7431640625 0.4947916666666667 0.048828125 0.08854166666666667
0 0.23486328125 0.4622395833333333 0.0146484375 0.0234375
0 0.87744140625 0.494140625 0.0947265625 0.10546875
0 0.27099609375 0.4485677083333333 0.0224609375 0.014322916666666666
0 0.1240234375 0.4576822916666667 0.02734375 0.037760416666666664
0 0.2509765625 0.447265625 0.015625 0.022135416666666668
0 0.494140625 0.4622395833333333 0.029296875 0.059895833333333336
0 0.94970703125 0.4368489583333333 0.0205078125 0.01953125
0 0.93359375 0.4440104166666667 0.0234375 0.0390625
0 0.2177734375 0.4303385416666667 0.01953125 0.02734375
0 0.3564453125 0.4446614583333333 0.03515625 0.05859375
0 0.6259765625 0.421875 0.01953125 0.020833333333333332
0 0.30224609375 0.4192708333333333 0.0205078125 0.018229166666666668
0 0.2001953125 0.4283854166666667 0.021484375 0.036458333333333336
0 0.06005859375 0.4147135416666667 0.0185546875 0.02734375
0 0.58349609375 0.4088541666666667 0.0283203125 0.033854166666666664
0 0.53515625 0.4244791666666667 0.041015625 0.07552083333333333
0 0.0146484375 0.4029947916666667 0.029296875 0.053385416666666664
0 0.912109375 0.3880208333333333 0.009765625 0.0390625
0 0.3349609375 0.388671875 0.015625 0.048177083333333336
0 0.22802734375 0.3782552083333333 0.0537109375 0.03515625
0 0.775390625 0.3990885416666667 0.0546875 0.07942708333333333
0 0.12646484375 0.37890625 0.0595703125 0.06510416666666667
0 0.40283203125 0.4010416666666667 0.0283203125 0.11979166666666667
0 0.62744140625 0.3561197916666667 0.0302734375 0.032552083333333336
0 0.50341796875 0.3639322916666667 0.0283203125 0.055989583333333336
0 0.6689453125 0.34765625 0.015625 0.03125
0 0.29296875 0.349609375 0.041015625 0.037760416666666664
0 0.552734375 0.3489583333333333 0.01171875 0.044270833333333336
0 0.7216796875 0.3404947916666667 0.072265625 0.037760416666666664
0 0.8466796875 0.36328125 0.0859375 0.10416666666666667
0 0.8740234375 0.341796875 0.033203125 0.06901041666666667
0 0.91845703125 0.3235677083333333 0.0166015625 0.03515625
0 0.7666015625 0.322265625 0.013671875 0.032552083333333336
0 0.97314453125 0.3294270833333333 0.0537109375 0.052083333333333336
0 0.44775390625 0.3333333333333333 0.0185546875 0.06770833333333333
0 0.55419921875 0.306640625 0.0224609375 0.029947916666666668
0 0.8388671875 0.2975260416666667 0.021484375 0.01953125
0 0.11328125 0.30859375 0.021484375 0.0546875
0 0.0703125 0.30078125 0.029296875 0.044270833333333336
0 0.34619140625 0.298828125 0.0224609375 0.048177083333333336
0 0.0166015625 0.291015625 0.0234375 0.037760416666666664
0 0.876953125 0.2877604166666667 0.056640625 0.052083333333333336
0 0.24072265625 0.2747395833333333 0.0263671875 0.03125
0 0.18798828125 0.2799479166666667 0.0380859375 0.049479166666666664
0 0.95849609375 0.271484375 0.0263671875 0.05859375
0 0.79345703125 0.2760416666666667 0.0458984375 0.06770833333333333
0 0.38916015625 0.25390625 0.0380859375 0.033854166666666664
0 0.5498046875 0.2506510416666667 0.017578125 0.029947916666666668
0 0.13818359375 0.24869791666666666 0.0302734375 0.03125
0 0.7314453125 0.2584635416666667 0.052734375 0.061197916666666664
0 0.4951171875 0.25390625 0.025390625 0.059895833333333336
0 0.59716796875 0.23828125 0.0439453125 0.036458333333333336
0 0.96728515625 0.21940104166666666 0.0185546875 0.024739583333333332
0 0.2197265625 0.21614583333333334 0.017578125 0.028645833333333332
0 0.56298828125 0.21158854166666666 0.0087890625 0.032552083333333336
0 0.9345703125 0.19856770833333334 0.029296875 0.03515625
0 0.03076171875 0.20572916666666666 0.0302734375 0.049479166666666664
0 0.8330078125 0.21940104166666666 0.05078125 0.08203125
0 0.0712890625 0.19010416666666666 0.017578125 0.028645833333333332
0 0.619140625 0.20963541666666666 0.03125 0.0703125
0 0.7265625 0.18229166666666666 0.01953125 0.028645833333333332
0 0.33349609375 0.20377604166666666 0.0361328125 0.07161458333333333
0 0.29833984375 0.19075520833333334 0.0126953125 0.045572916666666664
0 0.68701171875 0.19075520833333334 0.0263671875 0.053385416666666664
0 0.1484375 0.19466145833333334 0.02734375 0.06640625
0 0.55908203125 0.16145833333333334 0.0244140625 0.028645833333333332
0 0.0126953125 0.16080729166666666 0.015625 0.029947916666666668
0 0.451171875 0.18359375 0.04296875 0.08072916666666667
0 0.255859375 0.18684895833333334 0.04296875 0.09244791666666667
0 0.478515625 0.16276041666666666 0.041015625 0.057291666666666664
0 0.35986328125 0.14518229166666666 0.0380859375 0.05078125
0 0.43603515625 0.13020833333333334 0.0166015625 0.026041666666666668
0 0.8818359375 0.13736979166666666 0.03125 0.04296875
0 0.03662109375 0.130859375 0.0224609375 0.03515625
0 0.6005859375 0.13736979166666666 0.025390625 0.05859375
0 0.21826171875 0.13020833333333334 0.0380859375 0.059895833333333336
0 0.8466796875 0.12239583333333333 0.013671875 0.046875
0 0.8193359375 0.11067708333333333 0.0234375 0.03125
0 0.111328125 0.13216145833333334 0.037109375 0.07421875
0 0.27197265625 0.10416666666666667 0.0263671875 0.026041666666666668
0 0.65087890625 0.11328125 0.0380859375 0.0625
0 0.4677734375 0.099609375 0.017578125 0.037760416666666664
0 0.4453125 0.09309895833333333 0.01171875 0.02734375
0 0.90625 0.10091145833333333 0.0546875 0.053385416666666664
0 0.2265625 0.078125 0.01171875 0.020833333333333332
0 0.18896484375 0.13997395833333334 0.0458984375 0.15755208333333334
0 0.873046875 0.07291666666666667 0.021484375 0.028645833333333332
0 0.03173828125 0.07942708333333333 0.0244140625 0.044270833333333336
0 0.35546875 0.06901041666666667 0.033203125 0.028645833333333332
0 0.5927734375 0.07161458333333333 0.0234375 0.052083333333333336
0 0.71142578125 0.06966145833333333 0.0341796875 0.06380208333333333
0 0.56787109375 0.07291666666666667 0.0244140625 0.078125
0 0.9697265625 0.06380208333333333 0.04296875 0.06770833333333333
0 0.27294921875 0.055338541666666664 0.0205078125 0.055989583333333336
0 0.51953125 0.052734375 0.03125 0.06380208333333333
0 0.95458984375 0.02734375 0.0244140625 0.0390625
0 0.21240234375 0.01953125 0.0224609375 0.026041666666666668
0 0.31005859375 0.020182291666666668 0.0302734375 0.032552083333333336
0 0.87890625 0.026041666666666668 0.01953125 0.052083333333333336
0 0.796875 0.045572916666666664 0.025390625 0.09114583333333333
0 0.751953125 0.013671875 0.0390625 0.02734375
0 0.61376953125 0.022786458333333332 0.0380859375 0.045572916666666664
0 0.4794921875 0.01953125 0.044921875 0.0390625
0 0.1435546875 0.014322916666666666 0.025390625 0.028645833333333332
0 0.0693359375 0.018229166666666668 0.044921875 0.036458333333333336