1 0.7802734375 0.8665364583333334 0.01171875 0.01171875
1 0.6953125 0.833984375 0.013671875 0.014322916666666666
1 0.15234375 0.7819010416666666 0.015625 0.01171875
1 0.939453125 0.7708333333333334 0.013671875 0.010416666666666666
1 0.34619140625 0.6796875 0.0263671875 0.020833333333333332
1 0.93408203125 0.673828125 0.0107421875 0.01171875
1 0.591796875 0.6686197916666666 0.01171875 0.009114583333333334
1 0.953125 0.6119791666666666 0.01953125 0.013020833333333334
1 0.75830078125 0.607421875 0.0166015625 0.014322916666666666
1 0.18798828125 0.599609375 0.0126953125 0.01171875
1 0.96533203125 0.5735677083333334 0.0185546875 0.016927083333333332
1 0.31005859375 0.5716145833333334 0.0107421875 0.018229166666666668
1 0.49853515625 0.5592447916666666 0.0107421875 0.01171875
1 0.1533203125 0.5110677083333334 0.01953125 0.022135416666666668
1 0.228515625 0.4876302083333333 0.009765625 0.022135416666666668
1 0.6337890625 0.4778645833333333 0.0078125 0.013020833333333334
1 0.1181640625 0.4283854166666667 0.0078125 0.013020833333333334
1 0.58984375 0.4153645833333333 0.01171875 0.013020833333333334
1 0.59130859375 0.38671875 0.0126953125 0.018229166666666668
1 0.1376953125 0.3763020833333333 0.017578125 0.015625
1 0.95361328125 0.3723958333333333 0.0166015625 0.010416666666666666
1 0.0927734375 0.3626302083333333 0.009765625 0.01171875
1 0.70751953125 0.3352864583333333 0.0126953125 0.016927083333333332
1 0.44580078125 0.3001302083333333 0.0107421875 0.01171875
1 0.50830078125 0.294921875 0.0107421875 0.01171875
1 0.3662109375 0.2884114583333333 0.0078125 0.014322916666666666
1 0.8720703125 0.28515625 0.009765625 0.010416666666666666
1 0.40869140625 0.23046875 0.0146484375 0.015625
1 0.07275390625 0.22526041666666666 0.0126953125 0.013020833333333334
1 0.08837890625 0.1953125 0.0126953125 0.013020833333333334
1 0.140625 0.173828125 0.013671875 0.009114583333333334
1 0.8447265625 0.125 0.009765625 0.018229166666666668
1 0.337890625 0.11588541666666667 0.017578125 0.013020833333333334
1 0.5009765625 0.09765625 0.013671875 0.013020833333333334
1 0.46875 0.095703125 0.013671875 0.024739583333333332
1 0.57177734375 0.08723958333333333 0.0205078125 0.020833333333333332
1 0.17041015625 0.07747395833333333 0.0087890625 0.01171875
1 0.63623046875 0.045572916666666664 0.0087890625 0.015625
1 0.3017578125 0.021484375 0.009765625 0.01171875
1 0.87109375 0.017578125 0.0078125 0.01171875
1 0.9482421875 0.014322916666666666 0.009765625 0.010416666666666666