0 0.564453125 0.9069010416666666 0.009765625 0.024739583333333332
0 0.306640625 0.8958333333333334 0.025390625 0.026041666666666668
0 0.0224609375 0.8658854166666666 0.025390625 0.020833333333333332
0 0.53125 0.8626302083333334 0.052734375 0.061197916666666664
0 0.43603515625 0.869140625 0.0205078125 0.07421875
0 0.23046875 0.8404947916666666 0.025390625 0.01953125
0 0.72705078125 0.8502604166666666 0.0615234375 0.0625
0 0.421875 0.8196614583333334 0.017578125 0.037760416666666664
0 0.81494140625 0.80078125 0.0888671875 0.059895833333333336
0 0.611328125 0.80078125 0.0546875 0.08072916666666667
0 0.52783203125 0.75390625 0.0224609375 0.028645833333333332
0 0.80078125 0.732421875 0.0234375 0.03515625
0 0.53173828125 0.71484375 0.0166015625 0.028645833333333332
0 0.20361328125 0.7421875 0.0419921875 0.11197916666666667
0 0.56787109375 0.716796875 0.0361328125 0.07421875
0 0.09033203125 0.6985677083333334 0.0419921875 0.055989583333333336
0 0.60595703125 0.6907552083333334 0.0478515625 0.048177083333333336
0 0.58056640625 0.6569010416666666 0.0166015625 0.029947916666666668
0 0.16015625 0.6549479166666666 0.0390625 0.033854166666666664
0 0.18017578125 0.619140625 0.0126953125 0.040364583333333336
0 0.3466796875 0.630859375 0.072265625 0.09505208333333333
0 0.79052734375 0.5970052083333334 0.0126953125 0.032552083333333336
0 0.1328125 0.572265625 0.060546875 0.053385416666666664
0 0.6650390625 0.5149739583333334 0.033203125 0.022135416666666668
0 0.828125 0.509765625 0.01953125 0.03515625
0 0.95458984375 0.4765625 0.0634765625 0.059895833333333336
0 0.85546875 0.4661458333333333 0.044921875 0.0546875
0 0.1259765625 0.4498697916666667 0.04296875 0.05859375
0 0.6689453125 0.4290364583333333 0.017578125 0.029947916666666668
0 0.01953125 0.41015625 0.01953125 0.013020833333333334
0 0.3193359375 0.4192708333333333 0.05859375 0.06770833333333333
0 0.0400390625 0.375 0.080078125 0.057291666666666664
0 0.55517578125 0.35546875 0.0146484375 0.028645833333333332
0 0.978515625 0.2916666666666667 0.04296875 0.036458333333333336
0 0.341796875 0.2890625 0.033203125 0.052083333333333336
0 0.81884765625 0.2779947916666667 0.0146484375 0.032552083333333336
0 0.966796875 0.263671875 0.01953125 0.014322916666666666
0 0.4931640625 0.22005208333333334 0.015625 0.03125
0 0.65576171875 0.19596354166666666 0.1103515625 0.037760416666666664
0 0.96240234375 0.18229166666666666 0.0751953125 0.13802083333333334
0 0.09228515625 0.12760416666666666 0.0400390625 0.06510416666666667
0 0.478515625 0.09049479166666667 0.044921875 0.061197916666666664
0 0.78662109375 0.06315104166666667 0.0107421875 0.024739583333333332
0 0.49951171875 0.034505208333333336 0.0400390625 0.061197916666666664
0 0.208984375 0.017578125 0.05859375 0.03515625