0 0.4853515625 0.9108072916666666 0.017578125 0.016927083333333332
0 0.09375 0.91015625 0.013671875 0.018229166666666668
0 0.23046875 0.9029947916666666 0.017578125 0.01171875
0 0.4482421875 0.9049479166666666 0.025390625 0.028645833333333332
0 0.7802734375 0.8971354166666666 0.021484375 0.020833333333333332
0 0.5478515625 0.896484375 0.01953125 0.01953125
0 0.9443359375 0.865234375 0.01953125 0.014322916666666666
0 0.34912109375 0.8658854166666666 0.0126953125 0.0234375
0 0.99169921875 0.865234375 0.0166015625 0.029947916666666668
0 0.6845703125 0.86328125 0.021484375 0.03125
0 0.0390625 0.841796875 0.029296875 0.014322916666666666
0 0.3984375 0.8463541666666666 0.017578125 0.0390625
0 0.96484375 0.8248697916666666 0.029296875 0.045572916666666664
0 0.93798828125 0.8092447916666666 0.0166015625 0.01953125
0 0.87255859375 0.796875 0.0322265625 0.020833333333333332
0 0.64501953125 0.791015625 0.0107421875 0.022135416666666668
0 0.10205078125 0.7838541666666666 0.0126953125 0.018229166666666668
0 0.513671875 0.7825520833333334 0.017578125 0.020833333333333332
0 0.025390625 0.7760416666666666 0.015625 0.020833333333333332
0 0.27490234375 0.7766927083333334 0.0205078125 0.029947916666666668
0 0.3037109375 0.7630208333333334 0.015625 0.020833333333333332
0 0.51806640625 0.7467447916666666 0.0185546875 0.022135416666666668
0 0.640625 0.7389322916666666 0.013671875 0.022135416666666668
0 0.49658203125 0.7337239583333334 0.0166015625 0.016927083333333332
0 0.27294921875 0.7337239583333334 0.0126953125 0.01953125
0 0.81640625 0.7493489583333334 0.03515625 0.053385416666666664
0 0.1357421875 0.724609375 0.02734375 0.01953125
0 0.74609375 0.71484375 0.017578125 0.013020833333333334
0 0.9912109375 0.7122395833333334 0.017578125 0.026041666666666668
0 0.61279296875 0.7076822916666666 0.0224609375 0.01953125
0 0.658203125 0.7005208333333334 0.017578125 0.020833333333333332
0 0.48095703125 0.703125 0.0126953125 0.03125
0 0.05517578125 0.6998697916666666 0.0224609375 0.029947916666666668
0 0.1279296875 0.6940104166666666 0.01953125 0.026041666666666668
0 0.8779296875 0.6946614583333334 0.02734375 0.029947916666666668
0 0.70361328125 0.6875 0.0126953125 0.026041666666666668
0 0.94140625 0.6842447916666666 0.021484375 0.02734375
0 0.84521484375 0.6783854166666666 0.0283203125 0.018229166666666668
0 0.767578125 0.6920572916666666 0.01953125 0.061197916666666664
0 0.23974609375 0.6666666666666666 0.0341796875 0.028645833333333332
0 0.4189453125 0.6575520833333334 0.017578125 0.013020833333333334
0 0.55419921875 0.6438802083333334 0.0419921875 0.02734375
0 0.60791015625 0.61328125 0.0166015625 0.018229166666666668
0 0.48974609375 0.61328125 0.0146484375 0.018229166666666668
0 0.11962890625 0.6145833333333334 0.0283203125 0.020833333333333332
0 0.68359375 0.6067708333333334 0.029296875 0.018229166666666668
0 0.9931640625 0.607421875 0.013671875 0.032552083333333336
0 0.8876953125 0.6041666666666666 0.021484375 0.028645833333333332
0 0.73046875 0.6015625 0.0390625 0.026041666666666668
0 0.474609375 0.560546875 0.021484375 0.01953125
0 0.12158203125 0.5553385416666666 0.0146484375 0.024739583333333332
0 0.3505859375 0.5475260416666666 0.021484375 0.016927083333333332
0 0.865234375 0.5501302083333334 0.015625 0.029947916666666668
0 0.6455078125 0.5416666666666666 0.01171875 0.026041666666666668
0 0.1396484375 0.5319010416666666 0.021484375 0.014322916666666666
0 0.0224609375 0.5149739583333334 0.01171875 0.029947916666666668
0 0.318359375 0.51171875 0.017578125 0.03125
0 0.84814453125 0.4915364583333333 0.0244140625 0.022135416666666668
0 0.56689453125 0.4928385416666667 0.0341796875 0.032552083333333336
0 0.75244140625 0.482421875 0.0263671875 0.029947916666666668
0 0.0966796875 0.4713541666666667 0.017578125 0.013020833333333334
0 0.27783203125 0.466796875 0.0146484375 0.022135416666666668
0 0.0634765625 0.458984375 0.025390625 0.022135416666666668
0 0.93212890625 0.4407552083333333 0.0126953125 0.022135416666666668
0 0.1943359375 0.439453125 0.025390625 0.02734375
0 0.62646484375 0.42578125 0.0126953125 0.018229166666666668
0 0.46337890625 0.421875 0.0224609375 0.0234375
0 0.41455078125 0.40625 0.0166015625 0.028645833333333332
0 0.98291015625 0.3984375 0.0185546875 0.018229166666666668
0 0.1171875 0.400390625 0.017578125 0.02734375
0 0.8505859375 0.3951822916666667 0.009765625 0.02734375
0 0.34375 0.376953125 0.01953125 0.01953125
0 0.6962890625 0.3515625 0.0234375 0.0234375
0 0.29248046875 0.3509114583333333 0.0126953125 0.022135416666666668
0 0.37255859375 0.314453125 0.0166015625 0.01953125
0 0.591796875 0.3248697916666667 0.029296875 0.04296875
0 0.44970703125 0.3255208333333333 0.0087890625 0.052083333333333336
0 0.91455078125 0.3170572916666667 0.0224609375 0.037760416666666664
0 0.794921875 0.2955729166666667 0.01953125 0.015625
0 0.521484375 0.2805989583333333 0.017578125 0.014322916666666666
0 0.8544921875 0.2799479166666667 0.01171875 0.015625
0 0.17333984375 0.2962239583333333 0.0146484375 0.05078125
0 0.74169921875 0.2766927083333333 0.0185546875 0.032552083333333336
0 0.5849609375 0.2701822916666667 0.013671875 0.01953125
0 0.45458984375 0.2669270833333333 0.0146484375 0.026041666666666668
0 0.78125 0.244140625 0.017578125 0.01953125
0 0.93505859375 0.240234375 0.0185546875 0.022135416666666668
0 0.037109375 0.23177083333333334 0.017578125 0.018229166666666668
0 0.58935546875 0.22330729166666666 0.0126953125 0.03515625
0 0.93408203125 0.20572916666666666 0.0224609375 0.015625
0 0.1259765625 0.20572916666666666 0.03125 0.028645833333333332
0 0.6953125 0.18684895833333334 0.01171875 0.01953125
0 0.513671875 0.185546875 0.009765625 0.02734375
0 0.0205078125 0.18033854166666666 0.0234375 0.029947916666666668
0 0.82470703125 0.17122395833333334 0.0107421875 0.02734375
0 0.31494140625 0.1484375 0.0146484375 0.018229166666666668
0 0.43896484375 0.14778645833333334 0.0185546875 0.02734375
0 0.95556640625 0.14713541666666666 0.0400390625 0.041666666666666664
0 0.98876953125 0.13932291666666666 0.0224609375 0.03125
0 0.29638671875 0.12434895833333333 0.0205078125 0.02734375
0 0.3994140625 0.08984375 0.013671875 0.018229166666666668
0 0.12255859375 0.07291666666666667 0.0146484375 0.018229166666666668
0 0.54296875 0.068359375 0.01953125 0.024739583333333332
0 0.92431640625 0.059895833333333336 0.0322265625 0.0390625
0 0.3681640625 0.048828125 0.013671875 0.01953125
0 0.28369140625 0.030598958333333332 0.0185546875 0.024739583333333332
0 0.578125 0.015625 0.015625 0.013020833333333334
0 0.1787109375 0.022135416666666668 0.033203125 0.028645833333333332
0 0.82666015625 0.021484375 0.0244140625 0.032552083333333336
0 0.853515625 0.005208333333333333 0.01953125 0.010416666666666666
0 0.6982421875 0.011067708333333334 0.01953125 0.022135416666666668
0 0.109375 0.016276041666666668 0.0390625 0.032552083333333336
0 0.4599609375 0.822265625 0.03125 0.05859375
0 0.28662109375 0.6751302083333334 0.0224609375 0.024739583333333332
0 0.240234375 0.4088541666666667 0.041015625 0.06770833333333333
0 0.66845703125 0.2532552083333333 0.0263671875 0.040364583333333336
0 0.615234375 0.224609375 0.021484375 0.048177083333333336
0 0.73388671875 0.18489583333333334 0.0263671875 0.028645833333333332
0 0.48779296875 0.134765625 0.0693359375 0.024739583333333332
0 0.4658203125 0.271484375 0.00390625 0.006510416666666667
0 0.4794921875 0.3020833333333333 0.033203125 0.041666666666666664
0 0.66064453125 0.5149739583333334 0.0205078125 0.032552083333333336
0 0.5341796875 0.369140625 0.013671875 0.029947916666666668
0 0.22314453125 0.3463541666666667 0.0263671875 0.036458333333333336
0 0.015625 0.2916666666666667 0.02734375 0.028645833333333332
0 0.193359375 0.5911458333333334 0.029296875 0.033854166666666664
0 0.32666015625 0.5904947916666666 0.0263671875 0.02734375
0 0.7255859375 0.7923177083333334 0.03125 0.061197916666666664
0 0.5576171875 0.76953125 0.033203125 0.046875
0 0.45361328125 0.21419270833333334 0.0439453125 0.045572916666666664
0 0.78173828125 0.07877604166666667 0.0478515625 0.07682291666666667