1 0.2822265625 0.337890625 0.037109375 0.045572916666666664
1 0.07275390625 0.013671875 0.0537109375 0.024739583333333332
1 0.93115234375 0.28515625 0.0302734375 0.033854166666666664
1 0.92626953125 0.5045572916666666 0.0126953125 0.022135416666666668
1 0.76513671875 0.5865885416666666 0.0126953125 0.032552083333333336
1 0.22607421875 0.7213541666666666 0.0302734375 0.03125
1 0.10498046875 0.8587239583333334 0.0302734375 0.040364583333333336
1 0.361328125 0.8307291666666666 0.03125 0.0234375
1 0.1337890625 0.908203125 0.017578125 0.01953125
1 0.5166015625 0.8919270833333334 0.033203125 0.026041666666666668
1 0.5849609375 0.853515625 0.021484375 0.024739583333333332
1 0.33935546875 0.32421875 0.0263671875 0.033854166666666664