1 0.21630859375 0.061197916666666664 0.1123046875 0.1015625
1 0.59814453125 0.041666666666666664 0.0751953125 0.07291666666666667
1 0.4814453125 0.2669270833333333 0.046875 0.07291666666666667
1 0.31640625 0.4524739583333333 0.08203125 0.10286458333333333
1 0.1884765625 0.6106770833333334 0.046875 0.0546875
1 0.49365234375 0.6080729166666666 0.0888671875 0.1171875
1 0.3388671875 0.828125 0.046875 0.046875
1 0.59765625 0.783203125 0.03515625 0.07161458333333333
1 0.63671875 0.859375 0.02734375 0.0390625
1 0.8125 0.6881510416666666 0.03125 0.055989583333333336
1 0.88525390625 0.5768229166666666 0.0380859375 0.07552083333333333
1 0.93798828125 0.5065104166666666 0.0361328125 0.0546875
1 0.890625 0.4440104166666667 0.02734375 0.0390625
1 0.04541015625 0.8235677083333334 0.0361328125 0.040364583333333336
1 0.88232421875 0.20247395833333334 0.0341796875 0.040364583333333336
1 0.92919921875 0.240234375 0.0244140625 0.02734375
1 0.2734375 0.3528645833333333 0.029296875 0.036458333333333336
1 0.220703125 0.16536458333333334 0.0234375 0.036458333333333336
1 0.08447265625 0.32421875 0.0517578125 0.046875
1 0.66650390625 0.53515625 0.0302734375 0.041666666666666664
1 0.4052734375 0.6139322916666666 0.025390625 0.032552083333333336
1 0.45458984375 0.5169270833333334 0.0263671875 0.026041666666666668
1 0.244140625 0.7584635416666666 0.03515625 0.022135416666666668
1 0.9248046875 0.8932291666666666 0.052734375 0.033854166666666664
1 0.04052734375 0.8912760416666666 0.0126953125 0.032552083333333336