1 0.10546875 0.85546875 0.029296875 0.044270833333333336
1 0.13134765625 0.9055989583333334 0.0185546875 0.01953125
1 0.228515625 0.7220052083333334 0.029296875 0.02734375
1 0.36865234375 0.828125 0.0361328125 0.020833333333333332
1 0.51904296875 0.8984375 0.0478515625 0.033854166666666664
1 0.7626953125 0.5859375 0.0390625 0.036458333333333336
1 0.92724609375 0.5026041666666666 0.0283203125 0.0390625
1 0.58447265625 0.8483072916666666 0.0263671875 0.014322916666666666
1 0.28515625 0.3424479166666667 0.02734375 0.026041666666666668
1 0.93701171875 0.287109375 0.0322265625 0.037760416666666664
1 0.0712890625 0.010416666666666666 0.04296875 0.018229166666666668