1 0.584765625 0.33869395711500977 0.03671875 0.04775828460038986
1 0.65703125 0.4044834307992203 0.0203125 0.02729044834307992
1 0.307421875 0.5799220272904484 0.04296875 0.05263157894736842
1 0.321484375 0.5287524366471735 0.02734375 0.024366471734892786
1 0.732421875 0.7095516569200779 0.03046875 0.031189083820662766
1 0.716015625 0.8338206627680312 0.01953125 0.02631578947368421
1 0.63046875 0.7675438596491229 0.0265625 0.028265107212475632
1 0.319140625 0.2894736842105263 0.02890625 0.03508771929824561
1 0.358984375 0.20126705653021443 0.03046875 0.02631578947368421
1 0.4546875 0.09113060428849902 0.021875 0.02631578947368421
1 0.566796875 0.11159844054580896 0.01484375 0.02046783625730994
1 0.033984375 0.2412280701754386 0.02109375 0.030214424951267055
1 0.06015625 0.42884990253411304 0.021875 0.025341130604288498
1 0.0828125 0.4624756335282651 0.01875 0.030214424951267055
1 0.071484375 0.49853801169590645 0.03203125 0.014619883040935672
1 0.16640625 0.4946393762183236 0.0140625 0.014619883040935672
1 0.10390625 0.7046783625730995 0.0234375 0.021442495126705652
1 0.09453125 0.74317738791423 0.0296875 0.02046783625730994
1 0.09140625 0.8752436647173489 0.0265625 0.01949317738791423
1 0.02890625 0.8576998050682261 0.0140625 0.021442495126705652
1 0.155078125 0.9108187134502924 0.02421875 0.024366471734892786
1 0.091015625 0.9132553606237817 0.03046875 0.01949317738791423
1 0.369921875 0.9244639376218323 0.02578125 0.02046783625730994
1 0.4484375 0.919103313840156 0.015625 0.01364522417153996
1 0.297265625 0.8206627680311891 0.02421875 0.03313840155945419
1 0.3421875 0.7314814814814815 0.0125 0.03216374269005848
1 0.43203125 0.8221247563352827 0.0171875 0.030214424951267055
1 0.541796875 0.47612085769980506 0.01796875 0.024366471734892786
1 0.6390625 0.5146198830409356 0.015625 0.025341130604288498
1 0.63671875 0.7056530214424951 0.0265625 0.03898635477582846
1 0.11640625 0.6598440545808967 0.0390625 0.015594541910331383
1 0.42421875 0.021442495126705652 0.0078125 0.01364522417153996
1 0.323828125 0.018518518518518517 0.03828125 0.021442495126705652
1 0.3671875 0.3567251461988304 0.025 0.029239766081871343
1 0.422265625 0.7558479532163743 0.02265625 0.02631578947368421
1 0.594140625 0.9254385964912281 0.02109375 0.012670565302144249
1 0.13671875 0.3416179337231969 0.01875 0.028265107212475632
1 0.1984375 0.4317738791423002 0.0265625 0.01949317738791423