1 0.211328125 0.043859649122807015 0.02109375 0.01364522417153996
1 0.307421875 0.08966861598440545 0.01640625 0.017543859649122806
1 0.340625 0.02290448343079922 0.0125 0.00682261208576998
1 0.45234375 0.0847953216374269 0.01875 0.023391812865497075
1 0.499609375 0.03752436647173489 0.02734375 0.022417153996101363
1 0.5234375 0.10575048732943469 0.0125 0.024366471734892786
1 0.63515625 0.07992202729044834 0.0140625 0.015594541910331383
1 0.6734375 0.07504873294346978 0.0109375 0.015594541910331383
1 0.12578125 0.07602339181286549 0.009375 0.01364522417153996
1 0.083203125 0.13206627680311891 0.01640625 0.010721247563352826
1 0.116015625 0.1642300194931774 0.01484375 0.018518518518518517
1 0.154296875 0.2158869395711501 0.01953125 0.018518518518518517
1 0.248828125 0.15058479532163743 0.01171875 0.02046783625730994
1 0.212890625 0.09990253411306042 0.01015625 0.012670565302144249
1 0.258203125 0.1111111111111111 0.01484375 0.005847953216374269
1 0.098046875 0.05701754385964912 0.01953125 0.014619883040935672
1 0.047265625 0.10477582846003898 0.01484375 0.008771929824561403
1 0.038671875 0.0891812865497076 0.01171875 0.00682261208576998
1 0.0359375 0.27680311890838205 0.015625 0.017543859649122806
1 0.133984375 0.2880116959064328 0.01484375 0.014619883040935672
1 0.1234375 0.3172514619883041 0.0109375 0.012670565302144249
1 0.1 0.39230019493177387 0.0171875 0.022417153996101363
1 0.06015625 0.39522417153996103 0.015625 0.024366471734892786
1 0.176953125 0.40350877192982454 0.01484375 0.017543859649122806
1 0.24296875 0.3757309941520468 0.01875 0.024366471734892786
1 0.290625 0.27680311890838205 0.0203125 0.01364522417153996
1 0.36015625 0.18323586744639375 0.0140625 0.017543859649122806
1 0.323046875 0.11257309941520467 0.00859375 0.014619883040935672
1 0.2265625 0.06042884990253411 0.0265625 0.011695906432748537
1 0.14921875 0.5409356725146199 0.01875 0.007797270955165692
1 0.255078125 0.5740740740740741 0.01328125 0.01364522417153996
1 0.282421875 0.51364522417154 0.01328125 0.01949317738791423
1 0.31015625 0.4117933723196881 0.0234375 0.018518518518518517
1 0.39609375 0.41325536062378165 0.021875 0.021442495126705652
1 0.426171875 0.44834307992202727 0.01484375 0.017543859649122806
1 0.427734375 0.5316764132553606 0.01640625 0.022417153996101363
1 0.60703125 0.7694931773879142 0.0203125 0.02631578947368421
1 0.689453125 0.5721247563352827 0.01796875 0.015594541910331383
1 0.625390625 0.5994152046783626 0.02578125 0.017543859649122806
1 0.58359375 0.5925925925925926 0.0203125 0.025341130604288498
1 0.52265625 0.5804093567251462 0.0140625 0.022417153996101363
1 0.482421875 0.634990253411306 0.01171875 0.012670565302144249
1 0.228515625 0.6539961013645225 0.01171875 0.01364522417153996
1 0.194140625 0.7173489278752436 0.02265625 0.021442495126705652
1 0.01328125 0.72953216374269 0.0140625 0.0341130604288499
1 0.028515625 0.6866471734892787 0.01953125 0.016569200779727095
1 0.015234375 0.5696881091617934 0.01640625 0.016569200779727095
1 0.06015625 0.5350877192982456 0.01875 0.011695906432748537
1 0.08125 0.5453216374269005 0.0109375 0.028265107212475632
1 0.019921875 0.7782651072124757 0.01328125 0.014619883040935672
1 0.17265625 0.8299220272904484 0.01875 0.024366471734892786
1 0.121484375 0.7402534113060428 0.01640625 0.012670565302144249
1 0.152734375 0.7402534113060428 0.01171875 0.008771929824561403
1 0.069921875 0.695906432748538 0.03203125 0.011695906432748537
1 0.093359375 0.8728070175438597 0.01171875 0.02046783625730994
1 0.105078125 0.9166666666666666 0.01640625 0.018518518518518517
1 0.20546875 0.8923001949317739 0.01875 0.024366471734892786
1 0.52734375 0.9000974658869396 0.0125 0.022417153996101363
1 0.552734375 0.9244639376218323 0.01328125 0.024366471734892786
1 0.594921875 0.8888888888888888 0.01328125 0.023391812865497075
1 0.646484375 0.9220272904483431 0.01796875 0.01364522417153996
1 0.7375 0.8913255360623782 0.0109375 0.03216374269005848
1 0.451953125 0.1915204678362573 0.01171875 0.016569200779727095
1 0.49140625 0.24707602339181287 0.0125 0.02046783625730994
1 0.5609375 0.2626705653021443 0.0125 0.018518518518518517
1 0.5703125 0.3284600389863548 0.01875 0.01364522417153996
1 0.58046875 0.3508771929824561 0.0203125 0.009746588693957114
1 0.6609375 0.38596491228070173 0.0234375 0.023391812865497075
1 0.5796875 0.4064327485380117 0.0265625 0.023391812865497075
1 0.645703125 0.5004873294346979 0.01640625 0.02631578947368421
1 0.730859375 0.4844054580896686 0.01953125 0.01949317738791423
1 0.696875 0.503411306042885 0.0125 0.02631578947368421
1 0.71953125 0.5229044834307992 0.015625 0.024366471734892786
1 0.305078125 0.6807992202729045 0.01328125 0.016569200779727095
1 0.28125 0.6267056530214425 0.0234375 0.015594541910331383
1 0.2890625 0.37280701754385964 0.021875 0.02046783625730994
1 0.301953125 0.33674463937621835 0.01484375 0.012670565302144249
1 0.43203125 0.19639376218323587 0.0171875 0.024366471734892786
1 0.671484375 0.19395711500974658 0.02890625 0.017543859649122806
1 0.67734375 0.21978557504873295 0.0296875 0.018518518518518517
1 0.596875 0.3810916179337232 0.021875 0.023391812865497075
1 0.258203125 0.44541910331384016 0.02265625 0.011695906432748537
1 0.508984375 0.719785575048733 0.04609375 0.022417153996101363
1 0.421484375 0.6988304093567251 0.01640625 0.01949317738791423
1 0.33046875 0.7100389863547758 0.0390625 0.018518518518518517
1 0.51484375 0.8435672514619883 0.0140625 0.024366471734892786
1 0.39375 0.8757309941520468 0.01875 0.02046783625730994