1 0.49951171875 0.48828125 0.9990234375 0.9713541666666666
1 0.49951171875 0.9576822916666666 0.9990234375 0.07942708333333333
1 0.79150390625 0.349609375 0.0380859375 0.05859375
1 0.71826171875 0.7643229166666666 0.0283203125 0.0234375
1 0.19287109375 0.048828125 0.0634765625 0.08723958333333333
1 0.634765625 0.2604166666666667 0.013671875 0.0234375
1 0.1953125 0.064453125 0.048828125 0.05078125
1 0.25390625 0.038411458333333336 0.03125 0.053385416666666664
1 0.7666015625 0.8802083333333334 0.01953125 0.046875
1 0.7666015625 0.8671875 0.017578125 0.020833333333333332
1 0.92041015625 0.9576822916666666 0.1513671875 0.07682291666666667
1 0.1748046875 0.9778645833333334 0.0234375 0.015625
1 0.41796875 0.169921875 0.033203125 0.040364583333333336
1 0.24267578125 0.9798177083333334 0.0205078125 0.01171875
1 0.31103515625 0.95703125 0.6220703125 0.078125
1 0.26171875 0.8860677083333334 0.005859375 0.009114583333333334
1 0.796875 0.6725260416666666 0.0078125 0.01171875
1 0.453125 0.48046875 0.005859375 0.010416666666666666
1 0.23681640625 0.6927083333333334 0.0146484375 0.026041666666666668
1 0.3916015625 0.8984375 0.009765625 0.026041666666666668
1 0.39208984375 0.7415364583333334 0.0244140625 0.037760416666666664
1 0.2685546875 0.265625 0.013671875 0.013020833333333334
1 0.796875 0.6731770833333334 0.005859375 0.010416666666666666
1 0.10791015625 0.3971354166666667 0.0126953125 0.013020833333333334
1 0.4501953125 0.669921875 0.013671875 0.01953125
1 0.45703125 0.6126302083333334 0.01953125 0.02734375
1 0.1064453125 0.396484375 0.009765625 0.01171875
1 0.416015625 0.4192708333333333 0.013671875 0.0078125
1 0.26220703125 0.038411458333333336 0.0458984375 0.055989583333333336
1 0.49609375 0.3600260416666667 0.02734375 0.053385416666666664
1 0.03466796875 0.3763020833333333 0.0498046875 0.057291666666666664
1 0.67822265625 0.026041666666666668 0.0263671875 0.036458333333333336
1 0.45361328125 0.07552083333333333 0.0068359375 0.015625
1 0.287109375 0.58203125 0.0546875 0.0625
1 0.0361328125 0.365234375 0.046875 0.03515625
1 0.67822265625 0.548828125 0.0107421875 0.016927083333333332
1 0.515625 0.8274739583333334 0.005859375 0.009114583333333334
1 0.36083984375 0.978515625 0.0283203125 0.016927083333333332
1 0.978515625 0.4752604166666667 0.013671875 0.015625
1 0.11083984375 0.24283854166666666 0.0107421875 0.016927083333333332
1 0.708984375 0.3561197916666667 0.0078125 0.01171875
1 0.671875 0.8059895833333334 0.013671875 0.028645833333333332
1 0.01953125 0.7916666666666666 0.009765625 0.013020833333333334
1 0.453125 0.13802083333333334 0.0078125 0.018229166666666668
1 0.10986328125 0.20703125 0.0087890625 0.010416666666666666
1 0.67333984375 0.8020833333333334 0.0087890625 0.018229166666666668
1 0.0791015625 0.6451822916666666 0.015625 0.022135416666666668
1 0.89599609375 0.97265625 0.0107421875 0.018229166666666668
1 0.578125 0.4055989583333333 0.03515625 0.05078125
1 0.017578125 0.8873697916666666 0.005859375 0.009114583333333334
1 0.4873046875 0.059895833333333336 0.015625 0.036458333333333336
1 0.92919921875 0.20768229166666666 0.0107421875 0.014322916666666666
1 0.76904296875 0.6341145833333334 0.0048828125 0.015625
1 0.861328125 0.9720052083333334 0.01171875 0.016927083333333332
1 0.3291015625 0.705078125 0.01171875 0.01953125
1 0.8955078125 0.072265625 0.01171875 0.029947916666666668
1 0.677734375 0.5520833333333334 0.01171875 0.026041666666666668
1 0.01611328125 0.5735677083333334 0.0126953125 0.029947916666666668
1 0.2021484375 0.4140625 0.009765625 0.015625
1 0.45849609375 0.9765625 0.0087890625 0.013020833333333334
1 0.54833984375 0.611328125 0.0068359375 0.006510416666666667
1 0.4833984375 0.7311197916666666 0.04296875 0.053385416666666664
1 0.39794921875 0.4264322916666667 0.0205078125 0.029947916666666668
1 0.51953125 0.3157552083333333 0.03125 0.040364583333333336
1 0.271484375 0.5143229166666666 0.0234375 0.0234375
1 0.67041015625 0.6380208333333334 0.0185546875 0.015625
1 0.7099609375 0.5247395833333334 0.009765625 0.015625
1 0.205078125 0.798828125 0.015625 0.009114583333333334
1 0.58349609375 0.2721354166666667 0.0087890625 0.010416666666666666
1 0.67333984375 0.7389322916666666 0.0048828125 0.009114583333333334
1 0.736328125 0.8235677083333334 0.01171875 0.014322916666666666
1 0.14306640625 0.7708333333333334 0.0087890625 0.013020833333333334
1 0.548828125 0.9765625 0.0390625 0.015625
1 0.671875 0.7688802083333334 0.005859375 0.02734375
1 0.89013671875 0.7890625 0.0087890625 0.018229166666666668
1 0.634765625 0.9798177083333334 0.017578125 0.01171875
1 0.4208984375 0.3932291666666667 0.009765625 0.013020833333333334
1 0.4833984375 0.833984375 0.015625 0.016927083333333332
1 0.76806640625 0.6341145833333334 0.0087890625 0.018229166666666668
1 0.513671875 0.4212239583333333 0.005859375 0.009114583333333334
1 0.23486328125 0.5807291666666666 0.0068359375 0.010416666666666666
1 0.52734375 0.6627604166666666 0.041015625 0.041666666666666664
1 0.8896484375 0.15234375 0.009765625 0.036458333333333336
1 0.03173828125 0.232421875 0.0576171875 0.09244791666666667
1 0.85205078125 0.9576822916666666 0.2939453125 0.07682291666666667
1 0.1669921875 0.068359375 0.01171875 0.024739583333333332
1 0.6328125 0.357421875 0.015625 0.014322916666666666
1 0.888671875 0.5462239583333334 0.009765625 0.01171875
1 0.484375 0.5462239583333334 0.037109375 0.014322916666666666
1 0.1376953125 0.15494791666666666 0.0390625 0.0546875
1 0.06201171875 0.181640625 0.0419921875 0.040364583333333336
1 0.7646484375 0.07096354166666667 0.005859375 0.022135416666666668
1 0.02197265625 0.017578125 0.0361328125 0.03515625
1 0.017578125 0.048828125 0.03125 0.024739583333333332
1 0.61767578125 0.9440104166666666 0.0283203125 0.018229166666666668
1 0.97998046875 0.16861979166666666 0.0087890625 0.01171875
1 0.890625 0.8834635416666666 0.0078125 0.01171875
1 0.1484375 0.517578125 0.02734375 0.022135416666666668
1 0.546875 0.08919270833333333 0.005859375 0.014322916666666666
1 0.5126953125 0.4609375 0.015625 0.018229166666666668
1 0.451171875 0.9765625 0.0234375 0.015625
1 0.6435546875 0.7044270833333334 0.044921875 0.044270833333333336
1 0.673828125 0.3040364583333333 0.0078125 0.014322916666666666
1 0.5927734375 0.5572916666666666 0.044921875 0.09895833333333333
1 0.14892578125 0.026692708333333332 0.0400390625 0.03515625
1 0.767578125 0.478515625 0.005859375 0.01171875
1 0.5478515625 0.5755208333333334 0.00390625 0.0078125
1 0.05615234375 0.943359375 0.0244140625 0.014322916666666666
1 0.171875 0.017578125 0.009765625 0.024739583333333332
1 0.38037109375 0.5266927083333334 0.0244140625 0.03515625
1 0.89111328125 0.5182291666666666 0.0048828125 0.0078125
1 0.02490234375 0.9602864583333334 0.0185546875 0.045572916666666664
1 0.234375 0.5807291666666666 0.009765625 0.015625
1 0.23681640625 0.21419270833333334 0.0205078125 0.03515625
1 0.76220703125 0.9576822916666666 0.4677734375 0.07682291666666667
1 0.32421875 0.2734375 0.01171875 0.013020833333333334
1 0.7890625 0.8352864583333334 0.01953125 0.01953125
1 0.0185546875 0.6888020833333334 0.01953125 0.059895833333333336
1 0.2421875 0.59765625 0.0234375 0.028645833333333332
1 0.79296875 0.17578125 0.033203125 0.0703125
1 0.32666015625 0.013671875 0.0068359375 0.009114583333333334
1 0.86572265625 0.6432291666666666 0.0185546875 0.013020833333333334
1 0.583984375 0.23046875 0.009765625 0.015625
1 0.02490234375 0.11458333333333333 0.0341796875 0.0546875
1 0.02490234375 0.9700520833333334 0.0185546875 0.0234375
1 0.76513671875 0.4680989583333333 0.0087890625 0.02734375
1 0.42431640625 0.9759114583333334 0.0458984375 0.014322916666666666
1 0.54443359375 0.6998697916666666 0.0087890625 0.016927083333333332
1 0.673828125 0.4518229166666667 0.00390625 0.010416666666666666
1 0.5537109375 0.373046875 0.02734375 0.03515625
1 0.76025390625 0.23697916666666666 0.0166015625 0.0390625
1 0.3740234375 0.9446614583333334 0.06640625 0.01953125
1 0.865234375 0.01953125 0.103515625 0.0390625
1 0.10498046875 0.5709635416666666 0.0166015625 0.01953125
1 0.1826171875 0.9388020833333334 0.04296875 0.033854166666666664
1 0.330078125 0.4537760416666667 0.01171875 0.01171875
1 0.07421875 0.8365885416666666 0.01953125 0.040364583333333336
1 0.2705078125 0.3326822916666667 0.013671875 0.014322916666666666
1 0.02392578125 0.4609375 0.0205078125 0.049479166666666664
1 0.26953125 0.6412760416666666 0.009765625 0.014322916666666666
1 0.35986328125 0.359375 0.0283203125 0.033854166666666664
1 0.85400390625 0.60546875 0.0087890625 0.0078125
1 0.36669921875 0.4778645833333333 0.0166015625 0.0234375
1 0.01611328125 0.271484375 0.0146484375 0.032552083333333336
1 0.17431640625 0.5703125 0.0126953125 0.020833333333333332
1 0.80224609375 0.634765625 0.0224609375 0.014322916666666666
1 0.6796875 0.6998697916666666 0.015625 0.024739583333333332
1 0.45556640625 0.5377604166666666 0.0107421875 0.018229166666666668
1 0.76513671875 0.2994791666666667 0.0048828125 0.013020833333333334
1 0.5771484375 0.9772135416666666 0.0078125 0.009114583333333334
1 0.4541015625 0.7981770833333334 0.01171875 0.0390625
1 0.2001953125 0.22005208333333334 0.0078125 0.033854166666666664
1 0.01513671875 0.2740885416666667 0.0185546875 0.040364583333333336
1 0.2744140625 0.107421875 0.01171875 0.01171875
1 0.7099609375 0.11067708333333333 0.013671875 0.010416666666666666
1 0.109375 0.736328125 0.0078125 0.009114583333333334
1 0.23291015625 0.6529947916666666 0.0107421875 0.032552083333333336
1 0.01953125 0.5618489583333334 0.0078125 0.053385416666666664
1 0.58447265625 0.6022135416666666 0.0146484375 0.029947916666666668
1 0.7119140625 0.7317708333333334 0.015625 0.018229166666666668
1 0.54541015625 0.9765625 0.0322265625 0.013020833333333334
1 0.14453125 0.4837239583333333 0.009765625 0.009114583333333334
1 0.67578125 0.478515625 0.0078125 0.016927083333333332
1 0.14208984375 0.8170572916666666 0.0068359375 0.01953125
1 0.23046875 0.9427083333333334 0.017578125 0.015625
1 0.80078125 0.5787760416666666 0.029296875 0.009114583333333334
1 0.365234375 0.19661458333333334 0.01171875 0.028645833333333332
1 0.28564453125 0.29296875 0.0361328125 0.03125
1 0.35986328125 0.08072916666666667 0.0283203125 0.049479166666666664
1 0.01513671875 0.8287760416666666 0.0048828125 0.006510416666666667
1 0.80322265625 0.8919270833333334 0.0283203125 0.041666666666666664
1 0.84912109375 0.044921875 0.0166015625 0.022135416666666668
1 0.80126953125 0.8450520833333334 0.0380859375 0.03125
1 0.41162109375 0.8424479166666666 0.0263671875 0.041666666666666664
1 0.66943359375 0.3567708333333333 0.0029296875 0.010416666666666666
1 0.263671875 0.8502604166666666 0.017578125 0.020833333333333332
1 0.72998046875 0.8841145833333334 0.0302734375 0.052083333333333336
1 0.5810546875 0.14713541666666666 0.005859375 0.005208333333333333
1 0.20556640625 0.24088541666666666 0.0126953125 0.020833333333333332
1 0.6318359375 0.4622395833333333 0.021484375 0.033854166666666664
1 0.52294921875 0.798828125 0.0205078125 0.016927083333333332
1 0.81201171875 0.11393229166666667 0.0361328125 0.02734375
1 0.6806640625 0.9446614583333334 0.017578125 0.01171875
1 0.78076171875 0.09895833333333333 0.0908203125 0.0859375
1 0.04150390625 0.7571614583333334 0.0126953125 0.01171875
1 0.23828125 0.2623697916666667 0.029296875 0.037760416666666664
1 0.11328125 0.76953125 0.005859375 0.010416666666666666
1 0.8955078125 0.043619791666666664 0.0078125 0.029947916666666668
1 0.5498046875 0.018880208333333332 0.005859375 0.01171875
1 0.88525390625 0.8600260416666666 0.0185546875 0.016927083333333332
1 0.35986328125 0.7727864583333334 0.0146484375 0.01953125
1 0.482421875 0.14583333333333334 0.005859375 0.0078125
1 0.73486328125 0.8645833333333334 0.0244140625 0.036458333333333336
1 0.4169921875 0.043619791666666664 0.01171875 0.014322916666666666
1 0.10107421875 0.6783854166666666 0.0205078125 0.010416666666666666
1 0.48828125 0.11263020833333333 0.015625 0.02734375
1 0.88818359375 0.16666666666666666 0.0087890625 0.018229166666666668
1 0.41796875 0.236328125 0.01171875 0.032552083333333336
1 0.451171875 0.5794270833333334 0.0078125 0.013020833333333334
1 0.111328125 0.4557291666666667 0.005859375 0.010416666666666666
1 0.58349609375 0.15234375 0.0126953125 0.015625
1 0.76318359375 0.228515625 0.0126953125 0.053385416666666664
1 0.1357421875 0.419921875 0.005859375 0.01171875
1 0.55126953125 0.376953125 0.0302734375 0.040364583333333336
1 0.89208984375 0.2734375 0.0068359375 0.013020833333333334
1 0.85498046875 0.8216145833333334 0.0283203125 0.0234375
1 0.39013671875 0.7037760416666666 0.0361328125 0.032552083333333336
1 0.45166015625 0.2610677083333333 0.0048828125 0.01171875
1 0.23583984375 0.6783854166666666 0.0107421875 0.03125
1 0.8994140625 0.01171875 0.0234375 0.0234375
1 0.76611328125 0.724609375 0.0126953125 0.024739583333333332
1 0.05419921875 0.37890625 0.0439453125 0.059895833333333336
1 0.0546875 0.029296875 0.052734375 0.05078125
1 0.10986328125 0.8509114583333334 0.0126953125 0.032552083333333336
1 0.984375 0.24283854166666666 0.009765625 0.024739583333333332
1 0.9833984375 0.3040364583333333 0.0078125 0.024739583333333332
1 0.63671875 0.8782552083333334 0.029296875 0.040364583333333336
1 0.69482421875 0.8020833333333334 0.0244140625 0.036458333333333336
1 0.240234375 0.08658854166666667 0.009765625 0.014322916666666666
1 0.5146484375 0.4225260416666667 0.037109375 0.07682291666666667
1 0.2744140625 0.73046875 0.04296875 0.033854166666666664
1 0.54296875 0.7317708333333334 0.015625 0.0234375
1 0.765625 0.392578125 0.013671875 0.040364583333333336
1 0.984375 0.138671875 0.0078125 0.009114583333333334
1 0.10888671875 0.4192708333333333 0.0048828125 0.013020833333333334
1 0.23486328125 0.73828125 0.0126953125 0.010416666666666666
1 0.822265625 0.2584635416666667 0.0234375 0.040364583333333336
1 0.240234375 0.8307291666666666 0.013671875 0.015625
1 0.0126953125 0.2766927083333333 0.01953125 0.040364583333333336
1 0.7431640625 0.6920572916666666 0.0234375 0.045572916666666664
1 0.10400390625 0.08268229166666667 0.0126953125 0.022135416666666668
1 0.60302734375 0.9772135416666666 0.0341796875 0.014322916666666666
1 0.8583984375 0.5533854166666666 0.013671875 0.03125
1 0.453125 0.427734375 0.0078125 0.009114583333333334
1 0.8955078125 0.677734375 0.0078125 0.024739583333333332
1 0.85498046875 0.5859375 0.0205078125 0.044270833333333336
1 0.7685546875 0.5475260416666666 0.01171875 0.01171875
1 0.265625 0.23307291666666666 0.052734375 0.08072916666666667
1 0.1103515625 0.3561197916666667 0.0078125 0.009114583333333334
1 0.39794921875 0.05078125 0.0458984375 0.0703125
1 0.271484375 0.091796875 0.017578125 0.040364583333333336
1 0.15869140625 0.5494791666666666 0.0439453125 0.03125
1 0.54638671875 0.796875 0.0087890625 0.018229166666666668
1 0.32666015625 0.5169270833333334 0.0068359375 0.010416666666666666
1 0.32861328125 0.57421875 0.0244140625 0.018229166666666668
1 0.13134765625 0.037109375 0.0517578125 0.055989583333333336
1 0.98291015625 0.2747395833333333 0.0068359375 0.036458333333333336
1 0.59912109375 0.8899739583333334 0.0517578125 0.045572916666666664