1 0.31298828125 0.3802083333333333 0.0361328125 0.046875
1 0.45654296875 0.447265625 0.0205078125 0.040364583333333336
1 0.59716796875 0.546875 0.0185546875 0.033854166666666664
1 0.51708984375 0.6725260416666666 0.0537109375 0.053385416666666664
1 0.474609375 0.7141927083333334 0.029296875 0.037760416666666664
1 0.7392578125 0.369140625 0.041015625 0.05859375
1 0.45263671875 0.12760416666666666 0.0556640625 0.057291666666666664
1 0.22607421875 0.17122395833333334 0.0556640625 0.032552083333333336
1 0.62646484375 0.7858072916666666 0.0283203125 0.04296875
1 0.06396484375 0.8515625 0.0341796875 0.049479166666666664
1 0.20751953125 0.2805989583333333 0.0634765625 0.05859375
1 0.2978515625 0.830078125 0.037109375 0.055989583333333336