1 0.051171875 0.9176413255360624 0.01171875 0.012670565302144249
1 0.993359375 0.9044834307992202 0.01328125 0.025341130604288498
1 0.213671875 0.8966861598440545 0.01953125 0.009746588693957114
1 0.814453125 0.8976608187134503 0.01171875 0.015594541910331383
1 0.9234375 0.8957115009746589 0.025 0.04483430799220273
1 0.894921875 0.8830409356725146 0.02421875 0.01949317738791423
1 0.147265625 0.878167641325536 0.01640625 0.011695906432748537
1 0.47265625 0.8630604288499025 0.0328125 0.03216374269005848
1 0.653125 0.8386939571150097 0.0078125 0.018518518518518517
1 0.096875 0.8489278752436648 0.078125 0.04873294346978557
1 0.840625 0.8279727095516569 0.0234375 0.02046783625730994
1 0.3609375 0.8250487329434698 0.0140625 0.014619883040935672
1 0.971484375 0.8294346978557505 0.01015625 0.02729044834307992
1 0.2734375 0.8114035087719298 0.015625 0.016569200779727095
1 0.94375 0.8089668615984406 0.034375 0.01949317738791423
1 0.246484375 0.8055555555555556 0.01171875 0.016569200779727095
1 0.442578125 0.7962962962962963 0.01640625 0.01364522417153996
1 0.137890625 0.7958089668615984 0.01796875 0.03216374269005848
1 0.708984375 0.7884990253411306 0.01796875 0.02729044834307992
1 0.17265625 0.7894736842105263 0.0203125 0.03508771929824561
1 0.88515625 0.76364522417154 0.009375 0.02046783625730994
1 0.394921875 0.75682261208577 0.02109375 0.010721247563352826
1 0.336328125 0.7378167641325536 0.05390625 0.017543859649122806
1 0.996484375 0.7353801169590644 0.00703125 0.018518518518518517
1 0.22890625 0.7387914230019493 0.00625 0.025341130604288498
1 0.978515625 0.7344054580896686 0.01484375 0.018518518518518517
1 0.620703125 0.7212475633528265 0.03515625 0.025341130604288498
1 0.366015625 0.7144249512670565 0.01640625 0.01949317738791423
1 0.59375 0.7207602339181286 0.0171875 0.05360623781676413
1 0.883203125 0.6983430799220273 0.00703125 0.02046783625730994
1 0.287890625 0.6803118908382066 0.01015625 0.021442495126705652
1 0.09296875 0.6637426900584795 0.0234375 0.029239766081871343
1 0.689453125 0.6583820662768031 0.01171875 0.022417153996101363
1 0.664453125 0.6496101364522417 0.02890625 0.03216374269005848
1 0.237109375 0.6442495126705653 0.03515625 0.025341130604288498
1 0.60234375 0.648635477582846 0.0234375 0.036062378167641324
1 0.75625 0.6437621832358674 0.0375 0.030214424951267055
1 0.805859375 0.6359649122807017 0.01796875 0.02046783625730994
1 0.784375 0.6301169590643275 0.009375 0.018518518518518517
1 0.698046875 0.6076998050682261 0.01015625 0.02046783625730994
1 0.205078125 0.5994152046783626 0.05234375 0.04093567251461988
1 0.635546875 0.5701754385964912 0.04140625 0.015594541910331383
1 0.50078125 0.5857699805068226 0.0796875 0.05458089668615984
1 0.376171875 0.5628654970760234 0.01796875 0.010721247563352826
1 0.2296875 0.5730994152046783 0.025 0.031189083820662766
1 0.5546875 0.5682261208576999 0.0203125 0.04678362573099415
1 0.863671875 0.5516569200779727 0.01171875 0.023391812865497075
1 0.826953125 0.543859649122807 0.03046875 0.021442495126705652
1 0.334765625 0.5570175438596491 0.04453125 0.05165692007797271
1 0.86328125 0.5263157894736842 0.009375 0.015594541910331383
1 0.968359375 0.533625730994152 0.05234375 0.0341130604288499
1 0.70859375 0.5238791423001949 0.01875 0.016569200779727095
1 0.747265625 0.5160818713450293 0.01171875 0.014619883040935672
1 0.90859375 0.5043859649122807 0.0125 0.016569200779727095
1 0.51015625 0.49853801169590645 0.015625 0.028265107212475632
1 0.205859375 0.4819688109161793 0.01796875 0.022417153996101363
1 0.583203125 0.47612085769980506 0.01015625 0.014619883040935672
1 0.20234375 0.44298245614035087 0.0171875 0.028265107212475632
1 0.14296875 0.4395711500974659 0.0359375 0.025341130604288498
1 0.467578125 0.4273879142300195 0.04296875 0.02046783625730994
1 0.00625 0.4152046783625731 0.0125 0.04093567251461988
1 0.95 0.40594541910331383 0.040625 0.0341130604288499
1 0.86171875 0.40350877192982454 0.0234375 0.04093567251461988
1 0.6328125 0.40009746588693956 0.0515625 0.043859649122807015
1 0.815234375 0.3708576998050682 0.01484375 0.010721247563352826
1 0.30546875 0.36939571150097467 0.0125 0.015594541910331383
1 0.715234375 0.36062378167641324 0.01328125 0.015594541910331383
1 0.149609375 0.3664717348927875 0.01796875 0.037037037037037035
1 0.779296875 0.36500974658869395 0.03828125 0.038011695906432746
1 0.090234375 0.36062378167641324 0.07734375 0.04093567251461988
1 0.44296875 0.3533138401559454 0.0109375 0.030214424951267055
1 0.220703125 0.34454191033138404 0.02890625 0.016569200779727095
1 0.420703125 0.34649122807017546 0.01328125 0.028265107212475632
1 0.351953125 0.35233918128654973 0.05390625 0.043859649122807015
1 0.562890625 0.34405458089668617 0.05546875 0.05263157894736842
1 0.848046875 0.3153021442495127 0.01484375 0.012670565302144249
1 0.45625 0.2977582846003899 0.0234375 0.010721247563352826
1 0.87421875 0.2962962962962963 0.0359375 0.03898635477582846
1 0.976171875 0.2831384015594542 0.03046875 0.024366471734892786
1 0.578515625 0.27485380116959063 0.01953125 0.01364522417153996
1 0.0546875 0.27046783625730997 0.01875 0.02046783625730994
1 0.079296875 0.2680311890838207 0.02265625 0.021442495126705652
1 0.958203125 0.2655945419103314 0.01015625 0.02046783625730994
1 0.628125 0.2680311890838207 0.025 0.02729044834307992
1 0.903125 0.2724171539961014 0.0171875 0.043859649122807015
1 0.34140625 0.2553606237816764 0.034375 0.025341130604288498
1 0.02890625 0.24853801169590642 0.015625 0.015594541910331383
1 0.85546875 0.25097465886939574 0.00625 0.02631578947368421
1 0.3140625 0.23050682261208577 0.0171875 0.024366471734892786
1 0.3890625 0.23148148148148148 0.025 0.028265107212475632
1 0.7890625 0.22076023391812866 0.0125 0.012670565302144249
1 0.359375 0.22319688109161792 0.0171875 0.025341130604288498
1 0.2609375 0.22855750487329435 0.0859375 0.049707602339181284
1 0.809765625 0.199317738791423 0.02578125 0.030214424951267055
1 0.042578125 0.1861598440545809 0.01484375 0.011695906432748537
1 0.73046875 0.18908382066276802 0.01875 0.01949317738791423
1 0.7640625 0.18567251461988304 0.0296875 0.02631578947368421
1 0.70078125 0.1861598440545809 0.0328125 0.02729044834307992
1 0.014453125 0.16130604288499026 0.01484375 0.018518518518518517
1 0.577734375 0.15789473684210525 0.01328125 0.015594541910331383
1 0.655859375 0.15350877192982457 0.01796875 0.016569200779727095
1 0.89375 0.15009746588693956 0.0109375 0.01364522417153996
1 0.52734375 0.1276803118908382 0.015625 0.015594541910331383
1 0.27421875 0.1301169590643275 0.0203125 0.028265107212475632
1 0.09375 0.12621832358674465 0.015625 0.024366471734892786
1 0.54921875 0.11744639376218323 0.0203125 0.030214424951267055
1 0.82734375 0.09113060428849902 0.01875 0.012670565302144249
1 0.57109375 0.11306042884990253 0.021875 0.06237816764132553
1 0.777734375 0.08674463937621832 0.02265625 0.021442495126705652
1 0.1875 0.0769980506822612 0.021875 0.025341130604288498
1 0.43671875 0.07163742690058479 0.0234375 0.024366471734892786
1 0.378515625 0.05360623781676413 0.00859375 0.017543859649122806
1 0.687890625 0.05458089668615984 0.00703125 0.023391812865497075
1 0.924609375 0.053118908382066274 0.02734375 0.024366471734892786
1 0.11328125 0.03996101364522417 0.009375 0.023391812865497075
1 0.55234375 0.036062378167641324 0.0203125 0.01949317738791423
1 0.28984375 0.023391812865497075 0.0125 0.011695906432748537
1 0.32421875 0.026803118908382065 0.040625 0.02631578947368421
1 0.600390625 0.03216374269005848 0.04140625 0.04678362573099415
1 0.688671875 0.007797270955165692 0.03515625 0.015594541910331383
1 0.4765625 0.013157894736842105 0.028125 0.02631578947368421
1 0.426171875 0.022417153996101363 0.01640625 0.04483430799220273