1 0.9234375 0.905458089668616 0.021875 0.021442495126705652
1 0.4046875 0.9083820662768031 0.0171875 0.03508771929824561
1 0.494921875 0.8762183235867447 0.01640625 0.009746588693957114
1 0.6515625 0.8689083820662769 0.0296875 0.03996101364522417
1 0.185546875 0.865009746588694 0.01796875 0.043859649122807015
1 0.122265625 0.8796296296296297 0.09453125 0.07504873294346978
1 0.43984375 0.8606237816764133 0.015625 0.03898635477582846
1 0.026953125 0.8713450292397661 0.05390625 0.07797270955165692
1 0.839453125 0.8377192982456141 0.07421875 0.02631578947368421
1 0.012890625 0.8221247563352827 0.01328125 0.010721247563352826
1 0.207421875 0.8133528265107213 0.02109375 0.03216374269005848
1 0.93203125 0.7953216374269005 0.015625 0.01364522417153996
1 0.34765625 0.7582846003898636 0.015625 0.009746588693957114
1 0.9921875 0.7621832358674464 0.015625 0.01949317738791423
1 0.5125 0.7543859649122807 0.0296875 0.011695906432748537
1 0.680078125 0.7543859649122807 0.01484375 0.023391812865497075
1 0.632421875 0.7587719298245614 0.02578125 0.03216374269005848
1 0.6015625 0.7490253411306043 0.0140625 0.028265107212475632
1 0.010546875 0.7495126705653021 0.02109375 0.029239766081871343
1 0.28671875 0.716374269005848 0.0171875 0.02729044834307992
1 0.082421875 0.6885964912280702 0.04609375 0.04580896686159844
1 0.56640625 0.6686159844054581 0.0109375 0.025341130604288498
1 0.981640625 0.6578947368421053 0.03671875 0.025341130604288498
1 0.80078125 0.6393762183235867 0.0109375 0.015594541910331383
1 0.649609375 0.6267056530214425 0.02734375 0.017543859649122806
1 0.4515625 0.6364522417153996 0.0375 0.037037037037037035
1 0.368359375 0.6086744639376218 0.00703125 0.018518518518518517
1 0.10546875 0.594541910331384 0.0203125 0.01364522417153996
1 0.6046875 0.5877192982456141 0.0515625 0.05847953216374269
1 0.7234375 0.5618908382066277 0.0125 0.010721247563352826
1 0.07734375 0.5745614035087719 0.0484375 0.038011695906432746
1 0.705078125 0.567738791423002 0.01171875 0.0341130604288499
1 0.36640625 0.5638401559454191 0.009375 0.038011695906432746
1 0.3265625 0.5536062378167641 0.015625 0.02729044834307992
1 0.254296875 0.5550682261208577 0.02734375 0.0341130604288499
1 0.1328125 0.5355750487329435 0.01875 0.00682261208576998
1 0.883984375 0.5516569200779727 0.04296875 0.04093567251461988
1 0.76875 0.5311890838206628 0.0203125 0.01364522417153996
1 0.18203125 0.5511695906432749 0.0875 0.06140350877192982
1 0.00859375 0.5384990253411306 0.0171875 0.036062378167641324
1 0.796875 0.526803118908382 0.028125 0.028265107212475632
1 0.51875 0.547270955165692 0.078125 0.0769980506822612
1 0.81953125 0.503411306042885 0.015625 0.014619883040935672
1 0.973828125 0.5341130604288499 0.05234375 0.07797270955165692
1 0.06953125 0.5053606237816765 0.0328125 0.022417153996101363
1 0.69921875 0.5009746588693957 0.01875 0.037037037037037035
1 0.151953125 0.49074074074074076 0.05078125 0.02631578947368421
1 0.888671875 0.4878167641325536 0.01640625 0.024366471734892786
1 0.578515625 0.48879142300194933 0.03359375 0.028265107212475632
1 0.533984375 0.48294346978557506 0.04765625 0.018518518518518517
1 0.478515625 0.47076023391812866 0.02734375 0.025341130604288498
1 0.44375 0.46296296296296297 0.0234375 0.017543859649122806
1 0.937109375 0.5151072124756335 0.10234375 0.13937621832358674
1 0.2640625 0.4502923976608187 0.0109375 0.017543859649122806
1 0.673828125 0.44298245614035087 0.00859375 0.022417153996101363
1 0.423046875 0.4239766081871345 0.01328125 0.01949317738791423
1 0.809375 0.4215399610136452 0.1046875 0.05360623781676413
1 0.219140625 0.39035087719298245 0.08359375 0.0769980506822612
1 0.7515625 0.33771929824561403 0.0390625 0.036062378167641324
1 0.494140625 0.3284600389863548 0.01640625 0.03898635477582846
1 0.084375 0.34454191033138404 0.0734375 0.07894736842105263
1 0.408984375 0.29385964912280704 0.03828125 0.012670565302144249
1 0.5703125 0.31140350877192985 0.046875 0.057504873294346975
1 0.438671875 0.2831384015594542 0.03984375 0.008771929824561403
1 0.899609375 0.28411306042884993 0.03046875 0.012670565302144249
1 0.92421875 0.28703703703703703 0.015625 0.028265107212475632
1 0.334375 0.290448343079922 0.021875 0.03898635477582846
1 0.355859375 0.2753411306042885 0.01953125 0.014619883040935672
1 0.873046875 0.26705653021442494 0.00859375 0.015594541910331383
1 0.29296875 0.25925925925925924 0.0265625 0.017543859649122806
1 0.234765625 0.24707602339181287 0.02734375 0.018518518518518517
1 0.017578125 0.2387914230019493 0.01640625 0.009746588693957114
1 0.036328125 0.2412280701754386 0.01171875 0.016569200779727095
1 0.571484375 0.2256335282651072 0.04140625 0.018518518518518517
1 0.6546875 0.21929824561403508 0.0265625 0.011695906432748537
1 0.541015625 0.2202729044834308 0.01640625 0.01364522417153996
1 0.504296875 0.2222222222222222 0.04453125 0.023391812865497075
1 0.13828125 0.21637426900584794 0.025 0.04093567251461988
1 0.70625 0.20614035087719298 0.015625 0.02631578947368421
1 0.9328125 0.1968810916179337 0.015625 0.017543859649122806
1 0.086328125 0.18323586744639375 0.01484375 0.007797270955165692
1 0.762109375 0.19005847953216373 0.05703125 0.05458089668615984
1 0.172265625 0.15594541910331383 0.01171875 0.023391812865497075
1 0.985546875 0.15204678362573099 0.02890625 0.05458089668615984
1 0.516015625 0.12378167641325535 0.03359375 0.015594541910331383
1 0.438671875 0.1267056530214425 0.07109375 0.06042884990253411
1 0.044140625 0.10282651072124756 0.01953125 0.024366471734892786
1 0.3828125 0.09210526315789473 0.0125 0.014619883040935672
1 0.710546875 0.08771929824561403 0.02734375 0.009746588693957114
1 0.60546875 0.10087719298245613 0.0578125 0.05555555555555555
1 0.069921875 0.07992202729044834 0.01953125 0.023391812865497075
1 0.34375 0.09064327485380116 0.0515625 0.04873294346978557
1 0.794140625 0.054093567251461985 0.01328125 0.010721247563352826
1 0.98125 0.053118908382066274 0.0109375 0.022417153996101363
1 0.4296875 0.019980506822612085 0.0125 0.014619883040935672
1 0.878515625 0.007797270955165692 0.01640625 0.015594541910331383
1 0.496484375 0.008284600389863547 0.01640625 0.016569200779727095