1 0.0546875 0.9074074074074074 0.015625 0.007797270955165692
1 0.16953125 0.9049707602339181 0.021875 0.018518518518518517
1 0.579296875 0.8947368421052632 0.02265625 0.017543859649122806
1 0.78359375 0.8913255360623782 0.04375 0.016569200779727095
1 0.68359375 0.8879142300194932 0.028125 0.01364522417153996
1 0.727734375 0.8810916179337231 0.04453125 0.01949317738791423
1 0.2328125 0.8767056530214425 0.0203125 0.024366471734892786
1 0.816015625 0.8728070175438597 0.01484375 0.02046783625730994
1 0.398046875 0.8713450292397661 0.03359375 0.029239766081871343
1 0.116796875 0.8679337231968811 0.05859375 0.030214424951267055
1 0.667578125 0.8645224171539961 0.04140625 0.025341130604288498
1 0.5265625 0.8572124756335283 0.0171875 0.018518518518518517
1 0.167578125 0.8416179337231969 0.04609375 0.018518518518518517
1 0.49609375 0.8133528265107213 0.0359375 0.02631578947368421
1 0.94140625 0.8240740740740741 0.0296875 0.05360623781676413
1 0.248046875 0.7919103313840156 0.03515625 0.04191033138401559
1 0.869921875 0.8162768031189084 0.09296875 0.11403508771929824
1 0.971875 0.7904483430799221 0.0265625 0.0682261208576998
1 0.054296875 0.7290448343079922 0.02265625 0.021442495126705652
1 0.69609375 0.72953216374269 0.03125 0.03216374269005848
1 0.680859375 0.7090643274853801 0.01796875 0.024366471734892786
1 0.517578125 0.6963937621832359 0.02734375 0.012670565302144249
1 0.076171875 0.6968810916179338 0.01953125 0.01949317738791423
1 0.176953125 0.6885964912280702 0.01796875 0.028265107212475632
1 0.13125 0.7002923976608187 0.0703125 0.05165692007797271
1 0.3609375 0.6807992202729045 0.0296875 0.018518518518518517
1 0.33046875 0.6915204678362573 0.1421875 0.06725146198830409
1 0.65234375 0.6686159844054581 0.0078125 0.023391812865497075
1 0.514453125 0.6461988304093568 0.01171875 0.009746588693957114
1 0.995703125 0.6398635477582846 0.00859375 0.018518518518518517
1 0.237890625 0.6461988304093568 0.03515625 0.03313840155945419
1 0.0875 0.6276803118908382 0.025 0.023391812865497075
1 0.3875 0.6247563352826511 0.0421875 0.05458089668615984
1 0.1515625 0.6028265107212476 0.1015625 0.043859649122807015
1 0.63125 0.577485380116959 0.0265625 0.022417153996101363
1 0.8671875 0.5804093567251462 0.03125 0.0341130604288499
1 0.706640625 0.5730994152046783 0.01796875 0.01949317738791423
1 0.033984375 0.5687134502923976 0.02265625 0.018518518518518517
1 0.920703125 0.5735867446393762 0.03359375 0.0341130604288499
1 0.5453125 0.5458089668615984 0.0859375 0.07407407407407407
1 0.257421875 0.533625730994152 0.14921875 0.07504873294346978
1 0.759765625 0.4902534113060429 0.03203125 0.017543859649122806
1 0.950390625 0.49171539961013644 0.03203125 0.04580896686159844
1 0.05 0.4502923976608187 0.0140625 0.01364522417153996
1 0.813671875 0.4395711500974659 0.01171875 0.01364522417153996
1 0.019140625 0.45077972709551656 0.03828125 0.043859649122807015
1 0.6984375 0.44590643274853803 0.0640625 0.04775828460038986
1 0.92578125 0.3961988304093567 0.0203125 0.016569200779727095
1 0.778515625 0.39571150097465885 0.01484375 0.017543859649122806
1 0.61484375 0.391812865497076 0.0140625 0.023391812865497075
1 0.27265625 0.38693957115009747 0.0359375 0.02729044834307992
1 0.028125 0.36939571150097467 0.028125 0.01364522417153996
1 0.89375 0.3669590643274854 0.0234375 0.018518518518518517
1 0.8234375 0.35233918128654973 0.0265625 0.016569200779727095
1 0.38359375 0.36208576998050684 0.028125 0.04775828460038986
1 0.866796875 0.34307992202729043 0.00859375 0.015594541910331383
1 0.44921875 0.3654970760233918 0.078125 0.07797270955165692
1 0.16015625 0.34307992202729043 0.084375 0.03508771929824561
1 0.2390625 0.3138401559454191 0.015625 0.017543859649122806
1 0.08203125 0.30165692007797273 0.00625 0.02046783625730994
1 0.528125 0.2880116959064328 0.0140625 0.02046783625730994
1 0.47109375 0.28118908382066277 0.0125 0.012670565302144249
1 0.00703125 0.26120857699805067 0.0140625 0.01364522417153996
1 0.442578125 0.2519493177387914 0.01328125 0.014619883040935672
1 0.42421875 0.2387914230019493 0.015625 0.009746588693957114
1 0.86015625 0.25 0.040625 0.043859649122807015
1 0.58515625 0.2387914230019493 0.028125 0.03508771929824561
1 0.3203125 0.25 0.0875 0.0769980506822612
1 0.70390625 0.2256335282651072 0.0578125 0.038011695906432746
1 0.10546875 0.2134502923976608 0.0359375 0.023391812865497075
1 0.810546875 0.21101364522417154 0.05234375 0.03216374269005848
1 0.9453125 0.20321637426900585 0.01875 0.024366471734892786
1 0.219921875 0.17251461988304093 0.06015625 0.04678362573099415
1 0.71953125 0.16325536062378168 0.0703125 0.05360623781676413
1 0.646875 0.14619883040935672 0.01875 0.03313840155945419
1 0.8734375 0.09113060428849902 0.0125 0.012670565302144249
1 0.409765625 0.09113060428849902 0.02578125 0.03996101364522417
1 0.51875 0.09990253411306042 0.0765625 0.0594541910331384
1 0.908203125 0.07651072124756335 0.02734375 0.014619883040935672
1 0.110546875 0.09161793372319688 0.06484375 0.04873294346978557
1 0.84296875 0.07066276803118908 0.0296875 0.016569200779727095
1 0.81328125 0.05896686159844054 0.0203125 0.008771929824561403
1 0.408984375 0.03313840155945419 0.01015625 0.011695906432748537
1 0.645703125 0.041423001949317736 0.01328125 0.0341130604288499
1 0.245703125 0.037037037037037035 0.04765625 0.03313840155945419
1 0.192578125 0.021442495126705652 0.01015625 0.015594541910331383
1 0.333984375 0.02290448343079922 0.02890625 0.022417153996101363
1 0.973828125 0.01608187134502924 0.01328125 0.018518518518518517