1 0.56875 0.9137426900584795 0.015625 0.010721247563352826
1 0.028125 0.915692007797271 0.0125 0.016569200779727095
1 0.060546875 0.9088693957115009 0.01640625 0.012670565302144249
1 0.28125 0.9074074074074074 0.0234375 0.01949317738791423
1 0.398046875 0.9035087719298246 0.02265625 0.01949317738791423
1 0.232421875 0.9015594541910331 0.01953125 0.015594541910331383
1 0.9859375 0.9083820662768031 0.028125 0.03313840155945419
1 0.151953125 0.895224171539961 0.01796875 0.018518518518518517
1 0.0203125 0.895224171539961 0.040625 0.030214424951267055
1 0.41796875 0.8840155945419104 0.0109375 0.011695906432748537
1 0.262890625 0.8879142300194932 0.01484375 0.01949317738791423
1 0.059765625 0.884990253411306 0.01328125 0.01949317738791423
1 0.1109375 0.884990253411306 0.01875 0.021442495126705652
1 0.992578125 0.8786549707602339 0.01484375 0.012670565302144249
1 0.171484375 0.878167641325536 0.00859375 0.01364522417153996
1 0.32890625 0.8845029239766082 0.0359375 0.036062378167641324
1 0.6015625 0.8888888888888888 0.028125 0.04873294346978557
1 0.795703125 0.8689083820662769 0.01015625 0.010721247563352826
1 0.523828125 0.8767056530214425 0.01171875 0.0341130604288499
1 0.22890625 0.8732943469785575 0.0296875 0.031189083820662766
1 0.199609375 0.8713450292397661 0.01171875 0.029239766081871343
1 0.497265625 0.8806042884990254 0.03671875 0.049707602339181284
1 0.366796875 0.8796296296296297 0.02421875 0.04775828460038986
1 0.455078125 0.8567251461988304 0.02421875 0.021442495126705652
1 0.672265625 0.8615984405458089 0.03984375 0.04093567251461988
1 0.408203125 0.8518518518518519 0.01171875 0.025341130604288498
1 0.98828125 0.8518518518518519 0.0234375 0.029239766081871343
1 0.29609375 0.8533138401559455 0.0359375 0.0341130604288499
1 0.3390625 0.8484405458089669 0.0234375 0.02631578947368421
1 0.26171875 0.8503898635477583 0.0171875 0.043859649122807015
1 0.455859375 0.8304093567251462 0.01796875 0.01364522417153996
1 0.14765625 0.8460038986354775 0.0625 0.05847953216374269
1 0.55234375 0.8396686159844055 0.0625 0.04775828460038986
1 0.619921875 0.8372319688109162 0.05859375 0.04483430799220273
1 0.93046875 0.8196881091617934 0.01875 0.01949317738791423
1 0.212890625 0.8226120857699805 0.04140625 0.03313840155945419
1 0.380859375 0.8255360623781677 0.04453125 0.042884990253411304
1 0.0203125 0.8265107212475633 0.040625 0.050682261208576995
1 0.7953125 0.8279727095516569 0.0328125 0.06140350877192982
1 0.288671875 0.8138401559454191 0.03203125 0.03313840155945419
1 0.44296875 0.8289473684210527 0.109375 0.06530214424951267
1 0.95 0.8089668615984406 0.0140625 0.031189083820662766
1 0.005859375 0.797270955165692 0.01171875 0.011695906432748537
1 0.9859375 0.8055555555555556 0.028125 0.030214424951267055
1 0.583203125 0.8036062378167641 0.02421875 0.02631578947368421
1 0.627734375 0.7997076023391813 0.02265625 0.02046783625730994
1 0.519140625 0.8045808966861598 0.01328125 0.03216374269005848
1 0.171875 0.7889863547758285 0.0109375 0.010721247563352826
1 0.7546875 0.8157894736842105 0.0453125 0.07017543859649122
1 0.40546875 0.7870370370370371 0.0234375 0.012670565302144249
1 0.316796875 0.7875243664717348 0.01015625 0.01949317738791423
1 0.85625 0.8221247563352827 0.0890625 0.09064327485380116
1 0.05078125 0.7841130604288499 0.01875 0.016569200779727095
1 0.67421875 0.7967836257309941 0.0609375 0.06530214424951267
1 0.960546875 0.7743664717348928 0.02734375 0.022417153996101363
1 0.61953125 0.7694931773879142 0.0125 0.012670565302144249
1 0.0984375 0.8123781676413255 0.121875 0.11598440545808966
1 0.11640625 0.7587719298245614 0.021875 0.014619883040935672
1 0.50078125 0.7573099415204678 0.0203125 0.01949317738791423
1 0.73984375 0.7719298245614035 0.059375 0.05847953216374269
1 0.169921875 0.7655945419103314 0.05859375 0.05165692007797271
1 0.93203125 0.7441520467836257 0.0171875 0.018518518518518517
1 0.221484375 0.753411306042885 0.02890625 0.04678362573099415
1 0.41953125 0.7456140350877193 0.0453125 0.03898635477582846
1 0.19921875 0.732943469785575 0.01875 0.017543859649122806
1 0.989453125 0.7461013645224172 0.02109375 0.057504873294346975
1 0.89140625 0.7139376218323586 0.0140625 0.010721247563352826
1 0.066796875 0.73635477582846 0.12890625 0.0769980506822612
1 0.039453125 0.7090643274853801 0.03203125 0.028265107212475632
1 0.43125 0.7017543859649122 0.0125 0.021442495126705652
1 0.13359375 0.7056530214424951 0.0265625 0.029239766081871343
1 0.9953125 0.6973684210526315 0.009375 0.02046783625730994
1 0.76015625 0.7046783625730995 0.04375 0.03898635477582846
1 0.228515625 0.6920077972709552 0.01171875 0.01364522417153996
1 0.9421875 0.7124756335282652 0.08125 0.05847953216374269
1 0.38359375 0.6851851851851852 0.0125 0.01949317738791423
1 0.31953125 0.7285575048732943 0.15 0.10623781676413255
1 0.63046875 0.6759259259259259 0.0171875 0.014619883040935672
1 0.863671875 0.6715399610136452 0.01171875 0.01364522417153996
1 0.178515625 0.6700779727095516 0.03359375 0.02046783625730994
1 0.519921875 0.7100389863547758 0.15859375 0.11403508771929824
1 0.693359375 0.6647173489278753 0.02265625 0.037037037037037035
1 0.65703125 0.6963937621832359 0.175 0.1023391812865497
1 0.661328125 0.6769005847953217 0.03046875 0.06725146198830409
1 0.718359375 0.6384015594541911 0.01640625 0.009746588693957114
1 0.18203125 0.6447368421052632 0.0171875 0.022417153996101363
1 0.973046875 0.6549707602339181 0.04296875 0.04483430799220273
1 0.407421875 0.6535087719298246 0.03515625 0.043859649122807015
1 0.3171875 0.6393762183235867 0.01875 0.021442495126705652
1 0.7546875 0.6393762183235867 0.0109375 0.023391812865497075
1 0.002734375 0.6398635477582846 0.00546875 0.02631578947368421
1 0.25703125 0.631578947368421 0.01875 0.011695906432748537
1 0.909375 0.6559454191033138 0.06875 0.06237816764132553
1 0.29921875 0.631578947368421 0.0125 0.015594541910331383
1 0.623046875 0.6359649122807017 0.05390625 0.05360623781676413
1 0.11640625 0.6174463937621832 0.021875 0.02046783625730994
1 0.263671875 0.6076998050682261 0.03515625 0.028265107212475632
1 0.215625 0.6232943469785575 0.0515625 0.0594541910331384
1 0.081640625 0.6354775828460039 0.10859375 0.08382066276803118
1 0.348828125 0.6164717348927875 0.03828125 0.04775828460038986
1 0.083203125 0.5901559454191033 0.01328125 0.012670565302144249
1 0.39453125 0.5955165692007798 0.0203125 0.025341130604288498
1 0.371875 0.5891812865497076 0.0109375 0.014619883040935672
1 0.78828125 0.5989278752436648 0.028125 0.038011695906432746
1 0.5234375 0.6413255360623782 0.1109375 0.12475633528265107
1 0.677734375 0.6076998050682261 0.02421875 0.0594541910331384
1 0.283203125 0.5906432748538012 0.02109375 0.03898635477582846
1 0.025390625 0.5921052631578947 0.05078125 0.04191033138401559
1 0.158984375 0.5906432748538012 0.01953125 0.042884990253411304
1 0.454296875 0.6033138401559455 0.03203125 0.08576998050682261
1 0.10546875 0.5692007797270955 0.0140625 0.017543859649122806
1 0.86875 0.5682261208576999 0.021875 0.023391812865497075
1 0.142578125 0.5628654970760234 0.01796875 0.024366471734892786
1 0.72890625 0.5823586744639376 0.06875 0.06530214424951267
1 0.008984375 0.5609161793372319 0.01796875 0.022417153996101363
1 0.980078125 0.5916179337231969 0.03984375 0.08576998050682261
1 0.578515625 0.5882066276803118 0.05859375 0.07894736842105263
1 0.4015625 0.5570175438596491 0.01875 0.022417153996101363
1 0.164453125 0.5545808966861598 0.01328125 0.01949317738791423
1 0.324609375 0.5511695906432749 0.04453125 0.028265107212475632
1 0.909375 0.5487329434697856 0.0171875 0.02729044834307992
1 0.358203125 0.5482456140350878 0.01484375 0.02631578947368421
1 0.65 0.577485380116959 0.08125 0.08674463937621832
1 0.14375 0.5384990253411306 0.0140625 0.008771929824561403
1 0.04140625 0.5453216374269005 0.0375 0.02631578947368421
1 0.211328125 0.5458089668615984 0.02109375 0.029239766081871343
1 0.38125 0.5370370370370371 0.0203125 0.01364522417153996
1 0.57421875 0.5360623781676414 0.0109375 0.01364522417153996
1 0.421875 0.5428849902534113 0.0140625 0.029239766081871343
1 0.07890625 0.543859649122807 0.034375 0.037037037037037035
1 0.92421875 0.5341130604288499 0.0203125 0.01949317738791423
1 0.516796875 0.5297270955165692 0.01953125 0.02631578947368421
1 0.256640625 0.5404483430799221 0.04921875 0.04775828460038986
1 0.3 0.5233918128654971 0.0140625 0.015594541910331383
1 0.483203125 0.5399610136452242 0.04140625 0.05458089668615984
1 0.651953125 0.5190058479532164 0.01953125 0.018518518518518517
1 0.150390625 0.5077972709551657 0.01796875 0.015594541910331383
1 0.104296875 0.5151072124756335 0.02890625 0.036062378167641324
1 0.025 0.5092592592592593 0.028125 0.028265107212475632
1 0.31171875 0.5 0.0125 0.01364522417153996
1 0.063671875 0.4975633528265107 0.01484375 0.02046783625730994
1 0.669921875 0.4926900584795322 0.02265625 0.014619883040935672
1 0.273046875 0.49902534113060426 0.03359375 0.031189083820662766
1 0.802734375 0.5389863547758285 0.11640625 0.11306042884990253
1 0.365234375 0.48586744639376217 0.01015625 0.014619883040935672
1 0.329296875 0.4873294346978557 0.02265625 0.021442495126705652
1 0.2859375 0.4780701754385965 0.0109375 0.010721247563352826
1 0.715234375 0.5 0.04609375 0.06042884990253411
1 0.02421875 0.4780701754385965 0.0109375 0.016569200779727095
1 0.355078125 0.47173489278752434 0.01171875 0.021442495126705652
1 0.11640625 0.4800194931773879 0.01875 0.03996101364522417
1 0.8828125 0.46881091617933723 0.015625 0.023391812865497075
1 0.779296875 0.46832358674463936 0.01484375 0.024366471734892786
1 0.71328125 0.46539961013645226 0.0171875 0.02046783625730994
1 0.00546875 0.46393762183235865 0.0109375 0.01949317738791423
1 0.758203125 0.48148148148148145 0.03984375 0.06432748538011696
1 0.85234375 0.48586744639376217 0.06875 0.07504873294346978
1 0.1859375 0.4775828460038986 0.06875 0.07602339181286549
1 0.141015625 0.44541910331384016 0.02421875 0.017543859649122806
1 0.121875 0.44541910331384016 0.0109375 0.017543859649122806
1 0.42578125 0.47514619883040937 0.1078125 0.08284600389863547
1 0.533203125 0.48635477582846004 0.07265625 0.10916179337231968
1 0.630078125 0.47319688109161795 0.11953125 0.08674463937621832
1 0.19453125 0.4273879142300195 0.009375 0.016569200779727095
1 0.976171875 0.4249512670565302 0.01796875 0.017543859649122806
1 0.094921875 0.4283625730994152 0.03984375 0.02631578947368421
1 0.55234375 0.4239766081871345 0.03125 0.021442495126705652
1 0.437890625 0.43031189083820665 0.05390625 0.05165692007797271
1 0.12890625 0.4098440545808967 0.00625 0.018518518518518517
1 0.885546875 0.4537037037037037 0.22890625 0.11598440545808966
1 0.66796875 0.4044834307992203 0.015625 0.017543859649122806
1 0.18359375 0.40497076023391815 0.0203125 0.018518518518518517
1 0.72421875 0.4191033138401559 0.090625 0.05458089668615984
1 0.98984375 0.40497076023391815 0.0203125 0.0341130604288499
1 0.900390625 0.38937621832358676 0.01640625 0.014619883040935672
1 0.496484375 0.3913255360623782 0.01015625 0.02046783625730994
1 0.01484375 0.40350877192982454 0.0296875 0.04678362573099415
1 0.2734375 0.39717348927875246 0.075 0.03996101364522417
1 0.876171875 0.38060428849902533 0.01484375 0.018518518518518517
1 0.515234375 0.3835282651072125 0.01484375 0.028265107212475632
1 0.05625 0.40692007797270957 0.05625 0.07504873294346978
1 0.759765625 0.3810916179337232 0.01484375 0.029239766081871343
1 0.7 0.36988304093567254 0.015625 0.018518518518518517
1 0.596875 0.39473684210526316 0.0515625 0.07212475633528265
1 0.9421875 0.402046783625731 0.059375 0.08869395711500974
1 0.663671875 0.36257309941520466 0.02109375 0.015594541910331383
1 0.805859375 0.361598440545809 0.03203125 0.015594541910331383
1 0.050390625 0.36062378167641324 0.01328125 0.01949317738791423
1 0.294140625 0.3591617933723197 0.01640625 0.018518518518518517
1 0.320703125 0.4010721247563353 0.20078125 0.11793372319688109
1 0.548828125 0.37183235867446396 0.04453125 0.06920077972709551
1 0.439453125 0.3557504873294347 0.04140625 0.037037037037037035
1 0.39296875 0.3469785575048733 0.0109375 0.021442495126705652
1 0.61875 0.341130604288499 0.015625 0.01364522417153996
1 0.329296875 0.34941520467836257 0.03046875 0.0341130604288499
1 0.64609375 0.33966861598440545 0.021875 0.02046783625730994
1 0.986328125 0.3567251461988304 0.02734375 0.056530214424951264
1 0.83359375 0.3406432748538012 0.0234375 0.03216374269005848
1 0.859375 0.33966861598440545 0.0203125 0.04191033138401559
1 0.94375 0.33966861598440545 0.0375 0.043859649122807015
1 0.576953125 0.3279727095516569 0.02734375 0.028265107212475632
1 0.393359375 0.3206627680311891 0.01796875 0.01364522417153996
1 0.1703125 0.3138401559454191 0.009375 0.017543859649122806
1 0.897265625 0.33966861598440545 0.04609375 0.07894736842105263
1 0.55234375 0.3050682261208577 0.021875 0.01949317738791423
1 0.025 0.3182261208576998 0.01875 0.04580896686159844
1 0.06640625 0.3138401559454191 0.0421875 0.05458089668615984
1 0.95078125 0.3182261208576998 0.0546875 0.06920077972709551
1 0.775 0.3201754385964912 0.0984375 0.07309941520467836
1 0.682421875 0.3162768031189084 0.03984375 0.06530214424951267
1 0.814453125 0.28898635477582846 0.01640625 0.012670565302144249
1 0.259375 0.2933723196881092 0.0125 0.021442495126705652
1 0.883203125 0.2894736842105263 0.01484375 0.015594541910331383
1 0.86171875 0.2909356725146199 0.0125 0.02046783625730994
1 0.841796875 0.28898635477582846 0.01796875 0.02046783625730994
1 0.17734375 0.2880116959064328 0.0109375 0.02046783625730994
1 0.615234375 0.3001949317738791 0.06484375 0.04873294346978557
1 0.46015625 0.3235867446393762 0.090625 0.10331384015594541
1 0.541796875 0.29580896686159847 0.06640625 0.05165692007797271
1 0.46640625 0.2733918128654971 0.025 0.02046783625730994
1 0.014453125 0.2646198830409357 0.01328125 0.010721247563352826
1 0.720703125 0.2680311890838207 0.01953125 0.021442495126705652
1 0.891796875 0.26608187134502925 0.01796875 0.023391812865497075
1 0.4109375 0.25633528265107214 0.028125 0.015594541910331383
1 0.13046875 0.31335282651072127 0.0921875 0.12962962962962962
1 0.9859375 0.26072124756335285 0.028125 0.049707602339181284
1 0.777734375 0.26169590643274854 0.04765625 0.05360623781676413
1 0.505859375 0.25584795321637427 0.03359375 0.043859649122807015
1 0.861328125 0.24269005847953215 0.01328125 0.023391812865497075
1 0.717578125 0.23684210526315788 0.01953125 0.031189083820662766
1 0.698046875 0.21539961013645223 0.01953125 0.015594541910331383
1 0.82578125 0.23489278752436646 0.0390625 0.056530214424951264
1 0.76484375 0.21734892787524365 0.0171875 0.021442495126705652
1 0.6359375 0.24366471734892786 0.1203125 0.07602339181286549
1 0.5 0.21150097465886938 0.0125 0.01364522417153996
1 0.462890625 0.23830409356725146 0.05390625 0.06725146198830409
1 0.164453125 0.2158869395711501 0.03046875 0.02631578947368421
1 0.987890625 0.20906432748538012 0.01640625 0.018518518518518517
1 0.215234375 0.23927875243664717 0.06484375 0.07894736842105263
1 0.939453125 0.23635477582846004 0.06640625 0.07894736842105263
1 0.2703125 0.21296296296296297 0.05 0.036062378167641324
1 0.564453125 0.22855750487329435 0.05703125 0.07309941520467836
1 0.384375 0.21052631578947367 0.040625 0.03898635477582846
1 0.90234375 0.21052631578947367 0.0390625 0.05263157894736842
1 0.005078125 0.1915204678362573 0.01015625 0.018518518518518517
1 0.78984375 0.2046783625730994 0.04375 0.04678362573099415
1 0.401171875 0.19200779727095516 0.03046875 0.031189083820662766
1 0.7421875 0.19883040935672514 0.0421875 0.05263157894736842
1 0.8546875 0.18421052631578946 0.0328125 0.03313840155945419
1 0.19453125 0.1861598440545809 0.03125 0.04483430799220273
1 0.37109375 0.17592592592592593 0.021875 0.02631578947368421
1 0.6109375 0.16764132553606237 0.0109375 0.017543859649122806
1 0.881640625 0.15984405458089668 0.01640625 0.007797270955165692
1 0.437890625 0.16764132553606237 0.02109375 0.025341130604288498
1 0.80078125 0.1608187134502924 0.0140625 0.01364522417153996
1 0.116015625 0.1574074074074074 0.02109375 0.012670565302144249
1 0.98359375 0.15789473684210525 0.0140625 0.015594541910331383
1 0.529296875 0.1705653021442495 0.08203125 0.04093567251461988
1 0.261328125 0.17202729044834308 0.05078125 0.04580896686159844
1 0.725390625 0.1574074074074074 0.03671875 0.02631578947368421
1 0.3265625 0.19249512670565302 0.0609375 0.10428849902534112
1 0.574609375 0.148635477582846 0.03515625 0.018518518518518517
1 0.76171875 0.14961013645224172 0.0484375 0.03996101364522417
1 0.6046875 0.13840155945419103 0.0171875 0.01949317738791423
1 0.38359375 0.14083820662768032 0.025 0.036062378167641324
1 0.35234375 0.12280701754385964 0.0171875 0.021442495126705652
1 0.8703125 0.11793372319688109 0.0296875 0.025341130604288498
1 0.675 0.15350877192982457 0.0546875 0.10038986354775828
1 0.93515625 0.145224171539961 0.1140625 0.08576998050682261
1 0.801953125 0.11598440545808966 0.02421875 0.029239766081871343
1 0.0984375 0.19883040935672514 0.1375 0.1949317738791423
1 0.21328125 0.12475633528265107 0.053125 0.05458089668615984
1 0.90625 0.10428849902534112 0.0140625 0.023391812865497075
1 0.497265625 0.13157894736842105 0.06796875 0.08966861598440545
1 0.61875 0.09259259259259259 0.0125 0.01364522417153996
1 0.442578125 0.1189083820662768 0.07578125 0.08771929824561403
1 0.0640625 0.13499025341130605 0.128125 0.11988304093567251
1 0.40078125 0.09405458089668615 0.0171875 0.04191033138401559
1 0.319140625 0.10818713450292397 0.10234375 0.07602339181286549
1 0.91875 0.0813840155945419 0.028125 0.03216374269005848
1 0.562890625 0.0935672514619883 0.02890625 0.056530214424951264
1 0.5328125 0.08089668615984405 0.0265625 0.03508771929824561
1 0.848046875 0.09113060428849902 0.05234375 0.06335282651072124
1 0.893359375 0.05604288499025341 0.01328125 0.012670565302144249
1 0.29921875 0.06140350877192982 0.0234375 0.025341130604288498
1 0.484765625 0.06140350877192982 0.02734375 0.03313840155945419
1 0.96796875 0.06968810916179337 0.0640625 0.05360623781676413
1 0.405859375 0.05165692007797271 0.01328125 0.021442495126705652
1 0.448046875 0.041423001949317736 0.01328125 0.010721247563352826
1 0.5625 0.04191033138401559 0.0296875 0.01949317738791423
1 0.625 0.04239766081871345 0.025 0.024366471734892786
1 0.601171875 0.05604288499025341 0.04453125 0.05165692007797271
1 0.248046875 0.05555555555555555 0.02578125 0.050682261208576995
1 0.233984375 0.04093567251461988 0.01015625 0.021442495126705652
1 0.79765625 0.05604288499025341 0.0765625 0.05360623781676413
1 0.828515625 0.033625730994152045 0.01015625 0.014619883040935672
1 0.71953125 0.02729044834307992 0.0125 0.015594541910331383
1 0.98828125 0.02046783625730994 0.0234375 0.04093567251461988
1 0.94375 0.021442495126705652 0.05625 0.042884990253411304
1 0.880078125 0.008771929824561403 0.02578125 0.017543859649122806
1 0.853515625 0.019005847953216373 0.02890625 0.038011695906432746
1 0.79453125 0.012183235867446393 0.025 0.024366471734892786
1 0.686328125 0.06676413255360623 0.15390625 0.13352826510721247
1 0.5546875 0.010721247563352826 0.0296875 0.021442495126705652
1 0.510546875 0.025828460038986353 0.06484375 0.05165692007797271
1 0.46328125 0.009746588693957114 0.0140625 0.01949317738791423
1 0.418359375 0.025341130604288498 0.06015625 0.050682261208576995
1 0.321875 0.03654970760233918 0.140625 0.07309941520467836
1 0.146875 0.04824561403508772 0.1453125 0.09649122807017543
1 0.087890625 0.01364522417153996 0.01171875 0.02729044834307992
1 0.0359375 0.05214424951267056 0.071875 0.10428849902534112