1 0.0515625 0.9108187134502924 0.015625 0.010721247563352826
1 0.457421875 0.9098440545808967 0.01015625 0.016569200779727095
1 0.178515625 0.8854775828460039 0.03203125 0.03216374269005848
1 0.42109375 0.8874269005847953 0.1015625 0.08674463937621832
1 0.052734375 0.8630604288499025 0.08515625 0.05165692007797271
1 0.684765625 0.807504873294347 0.02421875 0.012670565302144249
1 0.34296875 0.8328460038986355 0.096875 0.0769980506822612
1 0.926171875 0.7919103313840156 0.01328125 0.018518518518518517
1 0.65546875 0.7860623781676414 0.0171875 0.02046783625730994
1 0.991796875 0.7797270955165692 0.01640625 0.01949317738791423
1 0.344140625 0.7748538011695907 0.02265625 0.021442495126705652
1 0.09765625 0.7514619883040936 0.0453125 0.050682261208576995
1 0.990234375 0.7344054580896686 0.01015625 0.02046783625730994
1 0.2734375 0.7699805068226121 0.075 0.09551656920077972
1 0.284765625 0.7056530214424951 0.02734375 0.03313840155945419
1 0.397265625 0.7012670565302144 0.14609375 0.10428849902534112
1 0.07109375 0.6632553606237817 0.0609375 0.06530214424951267
1 0.48203125 0.6374269005847953 0.05 0.04678362573099415
1 0.6390625 0.6145224171539961 0.01875 0.043859649122807015
1 0.83046875 0.6052631578947368 0.0359375 0.02729044834307992
1 0.56640625 0.6988304093567251 0.171875 0.21442495126705652
1 0.99140625 0.5935672514619883 0.0171875 0.015594541910331383
1 0.4421875 0.5789473684210527 0.0203125 0.029239766081871343
1 0.341796875 0.557504873294347 0.01171875 0.021442495126705652
1 0.601171875 0.5433723196881092 0.03671875 0.03996101364522417
1 0.0484375 0.5847953216374269 0.096875 0.12280701754385964
1 0.38203125 0.5618908382066277 0.096875 0.07894736842105263
1 0.5640625 0.5321637426900585 0.025 0.02729044834307992
1 0.335546875 0.5238791423001949 0.01484375 0.024366471734892786
1 0.009765625 0.4980506822612086 0.01953125 0.03898635477582846
1 0.851171875 0.577485380116959 0.28203125 0.23684210526315788
1 0.938671875 0.45419103313840153 0.01796875 0.023391812865497075
1 0.1984375 0.5921052631578947 0.18125 0.3304093567251462
1 0.133984375 0.4337231968810916 0.01171875 0.01364522417153996
1 0.77421875 0.4293372319688109 0.0234375 0.028265107212475632
1 0.20390625 0.39522417153996103 0.0890625 0.07309941520467836
1 0.96328125 0.3913255360623782 0.0734375 0.0847953216374269
1 0.834375 0.36208576998050684 0.04375 0.03216374269005848
1 0.518359375 0.34210526315789475 0.01484375 0.015594541910331383
1 0.141796875 0.3279727095516569 0.05078125 0.04191033138401559
1 0.15546875 0.18469785575048733 0.0203125 0.02631578947368421
1 0.2546875 0.17007797270955166 0.025 0.02046783625730994
1 0.21875 0.16715399610136453 0.0421875 0.05165692007797271
1 0.605078125 0.1388888888888889 0.03515625 0.03216374269005848
1 0.416015625 0.24512670565302144 0.29765625 0.25828460038986356
1 0.9125 0.12621832358674465 0.021875 0.024366471734892786
1 0.27265625 0.12280701754385964 0.034375 0.023391812865497075
1 0.797265625 0.12231968810916179 0.10234375 0.049707602339181284
1 0.062109375 0.24951267056530213 0.12421875 0.31968810916179335
1 0.25546875 0.08528265107212475 0.034375 0.06335282651072124
1 0.444921875 0.057504873294346975 0.01015625 0.017543859649122806
1 0.600390625 0.03654970760233918 0.01796875 0.018518518518518517
1 0.888671875 0.05896686159844054 0.15390625 0.10428849902534112
1 0.85 0.00682261208576998 0.0265625 0.01364522417153996
1 0.789453125 0.012183235867446393 0.02421875 0.024366471734892786
1 0.56171875 0.05263157894736842 0.0453125 0.10526315789473684
1 0.476171875 0.01364522417153996 0.02265625 0.02729044834307992
1 0.398046875 0.06237816764132553 0.10703125 0.12475633528265107
1 0.25234375 0.038011695906432746 0.14375 0.07602339181286549