1 0.06796875 0.9132553606237817 0.01875 0.01364522417153996
1 0.694140625 0.9117933723196882 0.01953125 0.016569200779727095
1 0.472265625 0.9142300194931774 0.03046875 0.021442495126705652
1 0.346484375 0.9069200779727096 0.01015625 0.010721247563352826
1 0.83671875 0.9078947368421053 0.0109375 0.014619883040935672
1 0.65859375 0.9064327485380117 0.0203125 0.015594541910331383
1 0.765234375 0.9025341130604289 0.01171875 0.01364522417153996
1 0.312109375 0.9059454191033138 0.03515625 0.028265107212475632
1 0.66640625 0.8806042884990254 0.0140625 0.014619883040935672
1 0.484765625 0.8693957115009746 0.00859375 0.01364522417153996
1 0.228125 0.8723196881091618 0.0234375 0.023391812865497075
1 0.68203125 0.8625730994152047 0.0140625 0.009746588693957114
1 0.05234375 0.8708576998050682 0.0703125 0.0341130604288499
1 0.5546875 0.8591617933723197 0.03125 0.014619883040935672
1 0.52578125 0.871832358674464 0.0203125 0.03996101364522417
1 0.410546875 0.8615984405458089 0.02421875 0.021442495126705652
1 0.991015625 0.8630604288499025 0.01796875 0.028265107212475632
1 0.007421875 0.8557504873294347 0.01484375 0.01364522417153996
1 0.925390625 0.8552631578947368 0.01953125 0.024366471734892786
1 0.95234375 0.8494152046783626 0.0265625 0.018518518518518517
1 0.358203125 0.8499025341130604 0.01171875 0.01949317738791423
1 0.276171875 0.8523391812865497 0.02109375 0.024366471734892786
1 0.17109375 0.8586744639376218 0.040625 0.037037037037037035
1 0.205078125 0.8489278752436648 0.01484375 0.01949317738791423
1 0.04453125 0.8450292397660819 0.0078125 0.021442495126705652
1 0.69921875 0.8411306042884991 0.0078125 0.017543859649122806
1 0.600390625 0.8352826510721247 0.00859375 0.017543859649122806
1 0.767578125 0.8294346978557505 0.03515625 0.031189083820662766
1 0.518359375 0.8172514619883041 0.01640625 0.012670565302144249
1 0.287890625 0.8226120857699805 0.02265625 0.029239766081871343
1 0.735546875 0.8138401559454191 0.01640625 0.01364522417153996
1 0.9859375 0.8133528265107213 0.015625 0.016569200779727095
1 0.008984375 0.8240740740740741 0.01796875 0.038011695906432746
1 0.673828125 0.8187134502923976 0.02109375 0.037037037037037035
1 0.88828125 0.814327485380117 0.015625 0.03216374269005848
1 0.565234375 0.804093567251462 0.01640625 0.011695906432748537
1 0.7703125 0.7992202729044834 0.0109375 0.01364522417153996
1 0.089453125 0.8026315789473685 0.01015625 0.022417153996101363
1 0.26953125 0.7923976608187134 0.0125 0.021442495126705652
1 0.4890625 0.7982456140350878 0.05 0.03898635477582846
1 0.2265625 0.7880116959064327 0.0171875 0.024366471734892786
1 0.102734375 0.7675438596491229 0.01015625 0.012670565302144249
1 0.533984375 0.7655945419103314 0.01484375 0.012670565302144249
1 0.272265625 0.7607212475633528 0.01171875 0.012670565302144249
1 0.94296875 0.7602339181286549 0.021875 0.01364522417153996
1 0.7390625 0.7641325536062378 0.0265625 0.021442495126705652
1 0.81484375 0.7816764132553606 0.0328125 0.07017543859649122
1 0.77890625 0.7524366471734892 0.009375 0.011695906432748537
1 0.290234375 0.7475633528265108 0.01484375 0.009746588693957114
1 0.320703125 0.7573099415204678 0.02734375 0.042884990253411304
1 0.825390625 0.7451267056530214 0.01171875 0.02046783625730994
1 0.569921875 0.7543859649122807 0.03203125 0.03898635477582846
1 0.18125 0.7426900584795322 0.015625 0.017543859649122806
1 0.242578125 0.7300194931773879 0.01015625 0.015594541910331383
1 0.498828125 0.7270955165692008 0.02109375 0.011695906432748537
1 0.102734375 0.7397660818713451 0.05234375 0.037037037037037035
1 0.75625 0.7266081871345029 0.0109375 0.016569200779727095
1 0.66484375 0.7222222222222222 0.021875 0.017543859649122806
1 0.155078125 0.7261208576998051 0.01640625 0.02729044834307992
1 0.773046875 0.7119883040935673 0.01484375 0.014619883040935672
1 0.81484375 0.7056530214424951 0.0171875 0.01949317738791423
1 0.6171875 0.7037037037037037 0.0296875 0.021442495126705652
1 0.431640625 0.73635477582846 0.15546875 0.08674463937621832
1 0.5203125 0.7032163742690059 0.0109375 0.024366471734892786
1 0.986328125 0.7129629629629629 0.02734375 0.04775828460038986
1 0.29609375 0.6871345029239766 0.0140625 0.011695906432748537
1 0.929296875 0.7100389863547758 0.08671875 0.0769980506822612
1 0.637109375 0.6754385964912281 0.01015625 0.01364522417153996
1 0.6828125 0.6769005847953217 0.0109375 0.018518518518518517
1 0.34140625 0.6754385964912281 0.015625 0.01949317738791423
1 0.585546875 0.6676413255360624 0.01015625 0.01364522417153996
1 0.872265625 0.6968810916179338 0.07890625 0.08966861598440545
1 0.795703125 0.6593567251461988 0.00859375 0.016569200779727095
1 0.1359375 0.6603313840155945 0.0265625 0.0341130604288499
1 0.055078125 0.6461988304093568 0.01484375 0.007797270955165692
1 0.775390625 0.6457115009746589 0.02265625 0.014619883040935672
1 0.241796875 0.6491228070175439 0.03984375 0.029239766081871343
1 0.710546875 0.6374269005847953 0.01796875 0.025341130604288498
1 0.233203125 0.699317738791423 0.15703125 0.15497076023391812
1 0.39921875 0.6330409356725146 0.0125 0.024366471734892786
1 0.366796875 0.6262183235867447 0.01796875 0.010721247563352826
1 0.512890625 0.6340155945419104 0.03046875 0.03996101364522417
1 0.099609375 0.621832358674464 0.01953125 0.021442495126705652
1 0.483203125 0.6125730994152047 0.00859375 0.016569200779727095
1 0.409765625 0.6091617933723197 0.01171875 0.011695906432748537
1 0.541015625 0.6189083820662769 0.01484375 0.03508771929824561
1 0.33828125 0.6120857699805068 0.021875 0.021442495126705652
1 0.83515625 0.6081871345029239 0.0109375 0.015594541910331383
1 0.636328125 0.6101364522417154 0.02109375 0.025341130604288498
1 0.735546875 0.6086744639376218 0.02578125 0.030214424951267055
1 0.048046875 0.5955165692007798 0.01015625 0.011695906432748537
1 0.78359375 0.5911306042884991 0.0203125 0.016569200779727095
1 0.813671875 0.5896686159844055 0.02109375 0.015594541910331383
1 0.115234375 0.5857699805068226 0.02578125 0.03313840155945419
1 0.694140625 0.5813840155945419 0.07734375 0.04191033138401559
1 0.22421875 0.5696881091617934 0.0328125 0.036062378167641324
1 0.136328125 0.5579922027290448 0.01953125 0.014619883040935672
1 0.93984375 0.5628654970760234 0.0296875 0.04580896686159844
1 0.8515625 0.5570175438596491 0.0203125 0.0341130604288499
1 0.38671875 0.5419103313840156 0.0125 0.01364522417153996
1 0.23359375 0.5414230019493177 0.0234375 0.012670565302144249
1 0.803515625 0.5365497076023392 0.01328125 0.012670565302144249
1 0.05625 0.5560428849902534 0.0515625 0.05360623781676413
1 0.772265625 0.5331384015594542 0.03203125 0.025341130604288498
1 0.15859375 0.5297270955165692 0.0171875 0.02046783625730994
1 0.5921875 0.5350877192982456 0.01875 0.03508771929824561
1 0.9828125 0.5229044834307992 0.0109375 0.012670565302144249
1 0.017578125 0.5341130604288499 0.03515625 0.03508771929824561
1 0.885546875 0.5248538011695907 0.02421875 0.03216374269005848
1 0.521875 0.5253411306042886 0.0375 0.03313840155945419
1 0.365234375 0.5131578947368421 0.01328125 0.014619883040935672
1 0.908984375 0.5092592592592593 0.01015625 0.016569200779727095
1 0.17109375 0.5082846003898636 0.01875 0.016569200779727095
1 0.6515625 0.5019493177387915 0.0203125 0.02729044834307992
1 0.74140625 0.4956140350877193 0.0109375 0.018518518518518517
1 0.832421875 0.48927875243664715 0.01484375 0.021442495126705652
1 0.905859375 0.4834307992202729 0.01015625 0.015594541910331383
1 0.271484375 0.5077972709551657 0.05078125 0.07212475633528265
1 0.8 0.4800194931773879 0.0234375 0.024366471734892786
1 0.95859375 0.489766081871345 0.0828125 0.05360623781676413
1 0.867578125 0.4766081871345029 0.02109375 0.029239766081871343
1 0.348046875 0.49366471734892786 0.07421875 0.06335282651072124
1 0.11875 0.4727095516569201 0.034375 0.023391812865497075
1 0.682421875 0.4746588693957115 0.01953125 0.03508771929824561
1 0.967578125 0.4580896686159844 0.00859375 0.021442495126705652
1 0.831640625 0.4600389863547758 0.02734375 0.025341130604288498
1 0.434765625 0.45565302144249514 0.01171875 0.024366471734892786
1 0.780859375 0.4517543859649123 0.02578125 0.018518518518518517
1 0.27421875 0.4546783625730994 0.028125 0.024366471734892786
1 0.194140625 0.45760233918128657 0.04296875 0.036062378167641324
1 0.64296875 0.43859649122807015 0.025 0.01364522417153996
1 0.906640625 0.44298245614035087 0.03203125 0.04775828460038986
1 0.248046875 0.4342105263157895 0.04765625 0.030214424951267055
1 0.06875 0.4298245614035088 0.034375 0.023391812865497075
1 0.89375 0.42056530214424953 0.0265625 0.024366471734892786
1 0.760546875 0.42007797270955166 0.02734375 0.025341130604288498
1 0.022265625 0.4161793372319688 0.04453125 0.03313840155945419
1 0.144140625 0.4098440545808967 0.01171875 0.028265107212475632
1 0.58984375 0.40594541910331383 0.0203125 0.022417153996101363
1 0.8703125 0.39717348927875246 0.009375 0.012670565302144249
1 0.498828125 0.4269005847953216 0.11171875 0.07602339181286549
1 0.32734375 0.39814814814814814 0.0171875 0.02046783625730994
1 0.150390625 0.3840155945419103 0.00859375 0.01364522417153996
1 0.90234375 0.3815789473684211 0.0125 0.010721247563352826
1 0.96953125 0.3913255360623782 0.0375 0.0341130604288499
1 0.64453125 0.3810916179337232 0.0140625 0.01364522417153996
1 0.56953125 0.37816764132553604 0.0125 0.015594541910331383
1 0.516015625 0.3820662768031189 0.03828125 0.02729044834307992
1 0.286328125 0.3742690058479532 0.01328125 0.011695906432748537
1 0.613671875 0.3742690058479532 0.01328125 0.01364522417153996
1 0.44140625 0.3845029239766082 0.0359375 0.03996101364522417
1 0.706640625 0.3713450292397661 0.01328125 0.01949317738791423
1 0.941015625 0.3601364522417154 0.01953125 0.014619883040935672
1 0.78671875 0.37183235867446396 0.0625 0.04580896686159844
1 0.009765625 0.36939571150097467 0.01953125 0.050682261208576995
1 0.68359375 0.358187134502924 0.021875 0.030214424951267055
1 0.36328125 0.3489278752436647 0.0109375 0.011695906432748537
1 0.103125 0.37816764132553604 0.0515625 0.07017543859649122
1 0.225390625 0.3435672514619883 0.01953125 0.018518518518518517
1 0.90390625 0.34307992202729043 0.0296875 0.02729044834307992
1 0.3375 0.3357699805068226 0.0171875 0.022417153996101363
1 0.0625 0.3347953216374269 0.0125 0.02046783625730994
1 0.076171875 0.3557504873294347 0.04140625 0.0682261208576998
1 0.798828125 0.3284600389863548 0.03359375 0.01949317738791423
1 0.276953125 0.32407407407407407 0.00859375 0.014619883040935672
1 0.5203125 0.3182261208576998 0.0171875 0.018518518518518517
1 0.2953125 0.31676413255360625 0.0234375 0.021442495126705652
1 0.760546875 0.310916179337232 0.01015625 0.01364522417153996
1 0.898828125 0.307504873294347 0.01015625 0.012670565302144249
1 0.98046875 0.31237816764132553 0.0390625 0.03216374269005848
1 0.1703125 0.3001949317738791 0.0765625 0.021442495126705652
1 0.946875 0.29385964912280704 0.0109375 0.018518518518518517
1 0.40859375 0.2948343079922027 0.0140625 0.024366471734892786
1 0.015234375 0.2884990253411306 0.01484375 0.017543859649122806
1 0.259765625 0.28898635477582846 0.01796875 0.022417153996101363
1 0.3375 0.2977582846003899 0.0328125 0.04191033138401559
1 0.478125 0.2826510721247563 0.0296875 0.025341130604288498
1 0.44375 0.2933723196881092 0.03125 0.04678362573099415
1 0.421875 0.2787524366471735 0.009375 0.017543859649122806
1 0.63671875 0.290448343079922 0.0359375 0.04483430799220273
1 0.131640625 0.27826510721247566 0.01953125 0.02046783625730994
1 0.54296875 0.2724171539961014 0.009375 0.012670565302144249
1 0.693359375 0.27485380116959063 0.01484375 0.021442495126705652
1 0.789453125 0.2665692007797271 0.01328125 0.012670565302144249
1 0.843359375 0.26608187134502925 0.01015625 0.017543859649122806
1 0.024609375 0.2621832358674464 0.01640625 0.01364522417153996
1 0.36640625 0.2646198830409357 0.0296875 0.022417153996101363
1 0.879296875 0.2753411306042885 0.03984375 0.049707602339181284
1 0.27734375 0.2553606237816764 0.01875 0.025341130604288498
1 0.22421875 0.25 0.0125 0.02046783625730994
1 0.6265625 0.24317738791423002 0.0109375 0.012670565302144249
1 0.483984375 0.23732943469785575 0.01484375 0.008771929824561403
1 0.748046875 0.26413255360623783 0.06328125 0.0682261208576998
1 0.053515625 0.24707602339181287 0.04453125 0.04775828460038986
1 0.816015625 0.2290448343079922 0.01484375 0.01949317738791423
1 0.925390625 0.2222222222222222 0.01484375 0.01364522417153996
1 0.967578125 0.22417153996101363 0.02890625 0.023391812865497075
1 0.19453125 0.21978557504873295 0.0203125 0.02046783625730994
1 0.680078125 0.21637426900584794 0.06171875 0.04093567251461988
1 0.31328125 0.20175438596491227 0.015625 0.015594541910331383
1 0.33515625 0.20175438596491227 0.0171875 0.029239766081871343
1 0.01640625 0.19785575048732942 0.015625 0.023391812865497075
1 0.91953125 0.19444444444444445 0.0234375 0.018518518518518517
1 0.131640625 0.1983430799220273 0.03203125 0.030214424951267055
1 0.69609375 0.1895711500974659 0.009375 0.016569200779727095
1 0.552734375 0.1861598440545809 0.01328125 0.017543859649122806
1 0.187890625 0.18226120857699804 0.01015625 0.017543859649122806
1 0.420703125 0.18421052631578946 0.04296875 0.025341130604288498
1 0.270703125 0.18128654970760233 0.02890625 0.01949317738791423
1 0.028515625 0.17348927875243664 0.01171875 0.01364522417153996
1 0.478515625 0.17007797270955166 0.01953125 0.012670565302144249
1 0.8484375 0.16569200779727095 0.0125 0.01949317738791423
1 0.367578125 0.17543859649122806 0.06015625 0.04093567251461988
1 0.81328125 0.15204678362573099 0.0109375 0.01949317738791423
1 0.5109375 0.16617933723196882 0.05 0.06725146198830409
1 0.96328125 0.14376218323586745 0.0140625 0.030214424951267055
1 0.286328125 0.14571150097465888 0.03203125 0.0341130604288499
1 0.459765625 0.14278752436647174 0.03515625 0.030214424951267055
1 0.20390625 0.1442495126705653 0.0453125 0.04678362573099415
1 0.8015625 0.1267056530214425 0.0234375 0.015594541910331383
1 0.690234375 0.12962962962962962 0.01484375 0.021442495126705652
1 0.037109375 0.12037037037037036 0.02421875 0.022417153996101363
1 0.76953125 0.11598440545808966 0.028125 0.017543859649122806
1 0.24375 0.12524366471734893 0.0578125 0.036062378167641324
1 0.993359375 0.11647173489278752 0.01328125 0.024366471734892786
1 0.09140625 0.11159844054580896 0.0140625 0.014619883040935672
1 0.859765625 0.09941520467836257 0.01796875 0.017543859649122806
1 0.83046875 0.10818713450292397 0.0328125 0.04093567251461988
1 0.084765625 0.08869395711500974 0.01484375 0.01364522417153996
1 0.529296875 0.08284600389863547 0.01796875 0.01364522417153996
1 0.01953125 0.0813840155945419 0.0171875 0.012670565302144249
1 0.666796875 0.08576998050682261 0.02734375 0.023391812865497075
1 0.2296875 0.08382066276803118 0.025 0.021442495126705652
1 0.984375 0.0804093567251462 0.0171875 0.018518518518518517
1 0.4609375 0.07553606237816764 0.0125 0.010721247563352826
1 0.981640625 0.06335282651072124 0.01171875 0.009746588693957114
1 0.16953125 0.06871345029239766 0.05625 0.030214424951267055
1 0.23671875 0.053118908382066274 0.0203125 0.012670565302144249
1 0.05 0.0682261208576998 0.025 0.04483430799220273
1 0.83671875 0.05604288499025341 0.0421875 0.0341130604288499
1 0.308984375 0.054093567251461985 0.02890625 0.03216374269005848
1 0.67421875 0.04239766081871345 0.0109375 0.012670565302144249
1 0.788671875 0.04434697855750487 0.01171875 0.018518518518518517
1 0.203125 0.042884990253411304 0.0109375 0.015594541910331383
1 0.720703125 0.04337231968810916 0.04609375 0.02046783625730994
1 0.15703125 0.040448343079922025 0.0125 0.022417153996101363
1 0.370703125 0.0550682261208577 0.05546875 0.0594541910331384
1 0.620703125 0.04483430799220273 0.02265625 0.042884990253411304
1 0.60234375 0.028265107212475632 0.009375 0.017543859649122806
1 0.459375 0.03313840155945419 0.04375 0.031189083820662766
1 0.86875 0.010721247563352826 0.0140625 0.01364522417153996
1 0.943359375 0.006335282651072124 0.01484375 0.012670565302144249
1 0.623046875 0.011208576998050682 0.03046875 0.022417153996101363
1 0.498046875 0.00682261208576998 0.01015625 0.01364522417153996
1 0.10703125 0.041423001949317736 0.0671875 0.08284600389863547
1 0.02109375 0.037037037037037035 0.0421875 0.07407407407407407