1 0.444140625 0.915692007797271 0.04453125 0.024366471734892786
1 0.697265625 0.9030214424951267 0.01015625 0.016569200779727095
1 0.2328125 0.8947368421052632 0.0375 0.03898635477582846
1 0.669921875 0.8762183235867447 0.03515625 0.031189083820662766
1 0.1453125 0.8630604288499025 0.0171875 0.02046783625730994
1 0.859765625 0.8742690058479532 0.01953125 0.06042884990253411
1 0.40546875 0.8411306042884991 0.0171875 0.015594541910331383
1 0.986328125 0.8333333333333334 0.02734375 0.01949317738791423
1 0.276171875 0.8284600389863548 0.01484375 0.011695906432748537
1 0.487109375 0.7948343079922028 0.01015625 0.016569200779727095
1 0.80703125 0.7962962962962963 0.01875 0.029239766081871343
1 0.97734375 0.7962962962962963 0.0453125 0.03313840155945419
1 0.6515625 0.7850877192982456 0.03125 0.02631578947368421
1 0.334375 0.7612085769980507 0.03125 0.02729044834307992
1 0.19921875 0.7524366471734892 0.0078125 0.015594541910331383
1 0.016015625 0.7519493177387915 0.01640625 0.016569200779727095
1 0.707421875 0.7573099415204678 0.01953125 0.031189083820662766
1 0.57421875 0.7426900584795322 0.01875 0.03313840155945419
1 0.037109375 0.7314814814814815 0.01484375 0.028265107212475632
1 0.97734375 0.7290448343079922 0.025 0.029239766081871343
1 0.667578125 0.6885964912280702 0.02578125 0.030214424951267055
1 0.163671875 0.7085769980506823 0.05390625 0.07407407407407407
1 0.48515625 0.6749512670565302 0.0265625 0.014619883040935672
1 0.710546875 0.6617933723196882 0.01328125 0.011695906432748537
1 0.637109375 0.6525341130604289 0.01484375 0.028265107212475632
1 0.844140625 0.6354775828460039 0.02109375 0.01364522417153996
1 0.910546875 0.6335282651072125 0.00859375 0.017543859649122806
1 0.7734375 0.672514619883041 0.071875 0.10526315789473684
1 0.253125 0.6291423001949318 0.0109375 0.018518518518518517
1 0.919140625 0.6101364522417154 0.01171875 0.017543859649122806
1 0.568359375 0.6442495126705653 0.11640625 0.09941520467836257
1 0.70078125 0.5750487329434698 0.03125 0.023391812865497075
1 0.257421875 0.5662768031189084 0.01796875 0.011695906432748537
1 0.401171875 0.5662768031189084 0.01171875 0.031189083820662766
1 0.956640625 0.5735867446393762 0.06640625 0.08674463937621832
1 0.89375 0.5146198830409356 0.0140625 0.021442495126705652
1 0.796875 0.5146198830409356 0.028125 0.025341130604288498
1 0.884375 0.49122807017543857 0.01875 0.01949317738791423
1 0.8640625 0.4824561403508772 0.0125 0.01949317738791423
1 0.943359375 0.4756335282651072 0.02421875 0.04678362573099415
1 0.0140625 0.44298245614035087 0.028125 0.018518518518518517
1 0.98984375 0.4342105263157895 0.0203125 0.014619883040935672
1 0.465625 0.42300194931773877 0.0328125 0.031189083820662766
1 0.255859375 0.439083820662768 0.03828125 0.0847953216374269
1 0.642578125 0.3908382066276803 0.02421875 0.01364522417153996
1 0.0859375 0.4010721247563353 0.028125 0.0341130604288499
1 0.807421875 0.3937621832358674 0.01484375 0.025341130604288498
1 0.41328125 0.42251461988304095 0.0703125 0.08284600389863547
1 0.93046875 0.3840155945419103 0.071875 0.04678362573099415
1 0.03515625 0.3664717348927875 0.015625 0.01949317738791423
1 0.85625 0.3786549707602339 0.0390625 0.049707602339181284
1 0.207421875 0.3679337231968811 0.03515625 0.028265107212475632
1 0.33828125 0.31773879142300193 0.0296875 0.03508771929824561
1 0.896875 0.31676413255360625 0.028125 0.037037037037037035
1 0.088671875 0.30701754385964913 0.01953125 0.017543859649122806
1 0.325 0.25292397660818716 0.0125 0.012670565302144249
1 0.7765625 0.2826510721247563 0.0546875 0.07797270955165692
1 0.00546875 0.2665692007797271 0.0109375 0.049707602339181284
1 0.06796875 0.24415204678362573 0.0265625 0.012670565302144249
1 0.029296875 0.2422027290448343 0.01328125 0.014619883040935672
1 0.430859375 0.24366471734892786 0.02109375 0.023391812865497075
1 0.692578125 0.25146198830409355 0.02109375 0.04093567251461988
1 0.030078125 0.21003898635477583 0.02734375 0.043859649122807015
1 0.933203125 0.21296296296296297 0.04609375 0.0594541910331384
1 0.551953125 0.21393762183235868 0.11484375 0.09454191033138401
1 0.318359375 0.2212475633528265 0.16640625 0.12085769980506822
1 0.7171875 0.18421052631578946 0.05 0.0935672514619883
1 0.014453125 0.15253411306042886 0.02890625 0.03216374269005848
1 0.86953125 0.17738791423001948 0.090625 0.08966861598440545
1 0.288671875 0.13206627680311891 0.01484375 0.024366471734892786
1 0.776171875 0.12426900584795321 0.03984375 0.04191033138401559
1 0.090625 0.11159844054580896 0.053125 0.043859649122807015
1 0.690625 0.1023391812865497 0.0234375 0.03313840155945419
1 0.33125 0.0891812865497076 0.0265625 0.03216374269005848
1 0.971484375 0.09113060428849902 0.03046875 0.038011695906432746
1 0.109375 0.06481481481481481 0.0109375 0.02046783625730994
1 0.457421875 0.06676413255360623 0.03984375 0.028265107212475632
1 0.868359375 0.07017543859649122 0.03203125 0.04678362573099415
1 0.293359375 0.047270955165692005 0.02109375 0.02631578947368421
1 0.967578125 0.03898635477582846 0.00859375 0.017543859649122806
1 0.713671875 0.040448343079922025 0.01953125 0.02046783625730994
1 0.1765625 0.03557504873294347 0.028125 0.0341130604288499
1 0.087109375 0.021929824561403508 0.01484375 0.038011695906432746
1 0.94921875 0.040448343079922025 0.0234375 0.08089668615984405
1 0.896484375 0.02387914230019493 0.03671875 0.04775828460038986
1 0.78671875 0.008284600389863547 0.0234375 0.016569200779727095
1 0.559375 0.02729044834307992 0.075 0.05458089668615984
1 0.322265625 0.009746588693957114 0.01640625 0.01949317738791423
1 0.021484375 0.0550682261208577 0.04296875 0.1101364522417154
1 0.435546875 0.11257309941520467 0.02109375 0.0341130604288499
1 0.303515625 0.4449317738791423 0.04296875 0.09844054580896686
1 0.104296875 0.6023391812865497 0.04140625 0.05458089668615984
1 0.08671875 0.8615984405458089 0.0328125 0.03313840155945419
1 0.61640625 0.8825536062378168 0.0421875 0.08089668615984405