1 0.9484375 0.9215399610136452 0.0171875 0.016569200779727095
1 0.05078125 0.9215399610136452 0.0171875 0.016569200779727095
1 0.144921875 0.8923001949317739 0.01640625 0.018518518518518517
1 0.259375 0.8796296296296297 0.0125 0.016569200779727095
1 0.74140625 0.8562378167641326 0.0140625 0.02046783625730994
1 0.859765625 0.878167641325536 0.04296875 0.07017543859649122
1 0.295703125 0.8620857699805068 0.03046875 0.038011695906432746
1 0.65 0.8484405458089669 0.021875 0.014619883040935672
1 0.4375 0.8518518518518519 0.0125 0.021442495126705652
1 0.775390625 0.834307992202729 0.01328125 0.017543859649122806
1 0.270703125 0.8333333333333334 0.01171875 0.021442495126705652
1 0.82578125 0.8382066276803118 0.03125 0.037037037037037035
1 0.096484375 0.8289473684210527 0.02421875 0.022417153996101363
1 0.9953125 0.8196881091617934 0.009375 0.021442495126705652
1 0.07421875 0.8216374269005848 0.0140625 0.02729044834307992
1 0.182421875 0.8128654970760234 0.01171875 0.021442495126705652
1 0.352734375 0.8206627680311891 0.03359375 0.042884990253411304
1 0.428125 0.8118908382066277 0.021875 0.031189083820662766
1 0.623046875 0.797270955165692 0.01328125 0.017543859649122806
1 0.819921875 0.7909356725146199 0.01015625 0.014619883040935672
1 0.731640625 0.7943469785575049 0.02421875 0.03313840155945419
1 0.58359375 0.7724171539961013 0.021875 0.016569200779727095
1 0.651953125 0.7626705653021443 0.01015625 0.010721247563352826
1 0.962890625 0.780214424951267 0.07421875 0.049707602339181284
1 0.144921875 0.7724171539961013 0.05390625 0.0341130604288499
1 0.287109375 0.7738791423001949 0.04609375 0.03898635477582846
1 0.78359375 0.7573099415204678 0.025 0.017543859649122806
1 0.744140625 0.77046783625731 0.04296875 0.05555555555555555
1 0.020703125 0.7685185185185185 0.04140625 0.06530214424951267
1 0.992578125 0.7456140350877193 0.01484375 0.023391812865497075
1 0.884375 0.7495126705653021 0.0375 0.03898635477582846
1 0.696875 0.7602339181286549 0.0265625 0.06237816764132553
1 0.503125 0.75 0.06875 0.04191033138401559
1 0.112109375 0.7480506822612085 0.03671875 0.04580896686159844
1 0.254296875 0.7426900584795322 0.02734375 0.037037037037037035
1 0.72109375 0.7246588693957114 0.028125 0.024366471734892786
1 0.196484375 0.7090643274853801 0.00859375 0.014619883040935672
1 0.4046875 0.75 0.1125 0.10038986354775828
1 0.226171875 0.7076023391812866 0.02421875 0.029239766081871343
1 0.527734375 0.7012670565302144 0.01328125 0.018518518518518517
1 0.20546875 0.6910331384015594 0.0125 0.015594541910331383
1 0.145703125 0.6944444444444444 0.01171875 0.024366471734892786
1 0.303125 0.685672514619883 0.0296875 0.036062378167641324
1 0.080078125 0.6876218323586745 0.04140625 0.049707602339181284
1 0.634765625 0.669103313840156 0.03203125 0.016569200779727095
1 0.045703125 0.648635477582846 0.01015625 0.016569200779727095
1 0.2734375 0.6496101364522417 0.021875 0.04775828460038986
1 0.126171875 0.6345029239766082 0.01640625 0.017543859649122806
1 0.797265625 0.6301169590643275 0.02578125 0.038011695906432746
1 0.837890625 0.6403508771929824 0.05859375 0.06627680311890838
1 0.934375 0.6120857699805068 0.0125 0.01364522417153996
1 0.58125 0.6549707602339181 0.075 0.09941520467836257
1 0.993359375 0.6169590643274854 0.01328125 0.025341130604288498
1 0.33671875 0.6106237816764133 0.009375 0.016569200779727095
1 0.293359375 0.6033138401559455 0.04296875 0.05458089668615984
1 0.5078125 0.5940545808966862 0.0484375 0.03996101364522417
1 0.448046875 0.5862573099415205 0.02421875 0.036062378167641324
1 0.329296875 0.577485380116959 0.00859375 0.02046783625730994
1 0.652734375 0.567738791423002 0.03515625 0.022417153996101363
1 0.199609375 0.5672514619883041 0.05703125 0.03508771929824561
1 0.008984375 0.5730994152046783 0.01796875 0.050682261208576995
1 0.540234375 0.5565302144249513 0.01953125 0.023391812865497075
1 0.767578125 0.5487329434697856 0.01328125 0.023391812865497075
1 0.86171875 0.543859649122807 0.0078125 0.017543859649122806
1 0.709765625 0.5560428849902534 0.07734375 0.0594541910331384
1 0.433984375 0.5316764132553606 0.01171875 0.02046783625730994
1 0.959765625 0.5550682261208577 0.07421875 0.06920077972709551
1 0.780859375 0.5190058479532164 0.03984375 0.0341130604288499
1 0.488671875 0.5258284600389863 0.04296875 0.05360623781676413
1 0.34609375 0.5224171539961013 0.034375 0.056530214424951264
1 0.7125 0.5073099415204678 0.0234375 0.028265107212475632
1 0.621484375 0.5038986354775828 0.01953125 0.029239766081871343
1 0.29921875 0.5004873294346979 0.0234375 0.028265107212475632
1 0.675390625 0.49317738791423 0.01953125 0.025341130604288498
1 0.0921875 0.5224171539961013 0.059375 0.08382066276803118
1 0.38671875 0.49317738791423 0.028125 0.03313840155945419
1 0.901953125 0.4956140350877193 0.03046875 0.04580896686159844
1 0.600390625 0.4746588693957115 0.01796875 0.025341130604288498
1 0.9484375 0.4878167641325536 0.0375 0.05360623781676413
1 0.976953125 0.4712475633528265 0.01796875 0.024366471734892786
1 0.841015625 0.47076023391812866 0.01171875 0.03508771929824561
1 0.432421875 0.4615009746588694 0.02890625 0.02046783625730994
1 0.214453125 0.4668615984405458 0.02265625 0.031189083820662766
1 0.549609375 0.45857699805068225 0.00859375 0.018518518518518517
1 0.0375 0.4712475633528265 0.046875 0.043859649122807015
1 0.7671875 0.4571150097465887 0.0296875 0.03508771929824561
1 0.85 0.43079922027290446 0.0484375 0.03313840155945419
1 0.5 0.42251461988304095 0.015625 0.02046783625730994
1 0.15703125 0.43810916179337234 0.075 0.06725146198830409
1 0.0546875 0.4283625730994152 0.0484375 0.06335282651072124
1 0.5171875 0.4030214424951267 0.0109375 0.018518518518518517
1 0.98828125 0.4166666666666667 0.0234375 0.04775828460038986
1 0.424609375 0.3937621832358674 0.02421875 0.01949317738791423
1 0.631640625 0.3942495126705653 0.03671875 0.030214424951267055
1 0.81640625 0.39814814814814814 0.05625 0.05165692007797271
1 0.3546875 0.4166666666666667 0.078125 0.09844054580896686
1 0.39453125 0.3737816764132554 0.0140625 0.014619883040935672
1 0.780078125 0.3854775828460039 0.02109375 0.03996101364522417
1 0.242578125 0.3966861598440546 0.06640625 0.06432748538011696
1 0.192578125 0.3791423001949318 0.01640625 0.04483430799220273
1 0.599609375 0.358187134502924 0.01171875 0.012670565302144249
1 0.905078125 0.35233918128654973 0.01953125 0.008771929824561403
1 0.137890625 0.37816764132553604 0.04453125 0.06432748538011696
1 0.8453125 0.36403508771929827 0.025 0.049707602339181284
1 0.225390625 0.3469785575048733 0.01640625 0.017543859649122806
1 0.714453125 0.351364522417154 0.02109375 0.04580896686159844
1 0.734375 0.33187134502923976 0.0125 0.024366471734892786
1 0.08515625 0.32943469785575047 0.0171875 0.021442495126705652
1 0.18984375 0.3260233918128655 0.0234375 0.018518518518518517
1 0.28828125 0.3260233918128655 0.009375 0.02631578947368421
1 0.534375 0.3425925925925926 0.1046875 0.06140350877192982
1 0.127734375 0.3153021442495127 0.01328125 0.012670565302144249
1 0.523828125 0.3157894736842105 0.01796875 0.021442495126705652
1 0.344921875 0.3079922027290448 0.02109375 0.011695906432748537
1 0.0453125 0.30994152046783624 0.015625 0.015594541910331383
1 0.223828125 0.30994152046783624 0.01640625 0.01949317738791423
1 0.461328125 0.3094541910331384 0.02421875 0.02046783625730994
1 0.9296875 0.30165692007797273 0.01875 0.012670565302144249
1 0.163671875 0.2919103313840156 0.01171875 0.012670565302144249
1 0.871875 0.29142300194931775 0.028125 0.02729044834307992
1 0.6640625 0.2807017543859649 0.0171875 0.009746588693957114
1 0.20078125 0.260233918128655 0.021875 0.01364522417153996
1 0.398046875 0.2543859649122807 0.01015625 0.015594541910331383
1 0.99609375 0.2519493177387914 0.0078125 0.016569200779727095
1 0.83125 0.253411306042885 0.0140625 0.021442495126705652
1 0.45078125 0.2519493177387914 0.0328125 0.038011695906432746
1 0.052734375 0.25584795321637427 0.03515625 0.049707602339181284
1 0.793359375 0.2553606237816764 0.04453125 0.05458089668615984
1 0.982421875 0.22807017543859648 0.01015625 0.011695906432748537
1 0.285546875 0.24317738791423002 0.04453125 0.043859649122807015
1 0.8453125 0.23294346978557504 0.034375 0.02729044834307992
1 0.9296875 0.22855750487329435 0.0203125 0.03216374269005848
1 0.415234375 0.22173489278752437 0.01796875 0.02046783625730994
1 0.043359375 0.22514619883040934 0.01796875 0.031189083820662766
1 0.5796875 0.253411306042885 0.078125 0.09746588693957114
1 0.7484375 0.21734892787524365 0.046875 0.03508771929824561
1 0.479296875 0.2168615984405458 0.02421875 0.036062378167641324
1 0.116015625 0.2080896686159844 0.02265625 0.022417153996101363
1 0.0140625 0.20077972709551656 0.0140625 0.037037037037037035
1 0.422265625 0.19249512670565302 0.02265625 0.028265107212475632
1 0.780078125 0.19103313840155944 0.02578125 0.03508771929824561
1 0.1484375 0.20272904483430798 0.0203125 0.06042884990253411
1 0.816015625 0.1695906432748538 0.01171875 0.017543859649122806
1 0.0640625 0.17543859649122806 0.021875 0.029239766081871343
1 0.968359375 0.17543859649122806 0.03828125 0.031189083820662766
1 0.866015625 0.17446393762183235 0.02265625 0.029239766081871343
1 0.030859375 0.1617933723196881 0.02578125 0.01949317738791423
1 0.921875 0.1627680311890838 0.0234375 0.029239766081871343
1 0.951953125 0.15204678362573099 0.01796875 0.011695906432748537
1 0.53359375 0.15984405458089668 0.034375 0.02729044834307992
1 0.305859375 0.15838206627680312 0.03828125 0.04580896686159844
1 0.4796875 0.13840155945419103 0.01875 0.017543859649122806
1 0.639453125 0.1642300194931774 0.03671875 0.07504873294346978
1 0.9890625 0.13596491228070176 0.021875 0.02631578947368421
1 0.52421875 0.11988304093567251 0.021875 0.01949317738791423
1 0.675390625 0.12524366471734893 0.03515625 0.036062378167641324
1 0.01328125 0.12573099415204678 0.0265625 0.03898635477582846
1 0.723828125 0.14717348927875243 0.06796875 0.08576998050682261
1 0.83046875 0.12962962962962962 0.0265625 0.05458089668615984
1 0.22421875 0.11208576998050682 0.0203125 0.029239766081871343
1 0.362890625 0.11306042884990253 0.02109375 0.03313840155945419
1 0.57265625 0.11842105263157894 0.0484375 0.04580896686159844
1 0.34609375 0.09113060428849902 0.01875 0.016569200779727095
1 0.84921875 0.08674463937621832 0.015625 0.009746588693957114
1 0.692578125 0.0769980506822612 0.02578125 0.011695906432748537
1 0.183203125 0.07846003898635477 0.00703125 0.022417153996101363
1 0.383984375 0.07797270955165692 0.02890625 0.02729044834307992
1 0.88125 0.06968810916179337 0.025 0.02046783625730994
1 0.5125 0.06773879142300195 0.0328125 0.022417153996101363
1 0.931640625 0.06578947368421052 0.01796875 0.022417153996101363
1 0.047265625 0.06237816764132553 0.03046875 0.023391812865497075
1 0.133984375 0.08723196881091617 0.07734375 0.07504873294346978
1 0.2765625 0.09015594541910331 0.046875 0.11988304093567251
1 0.02421875 0.038011695906432746 0.01875 0.015594541910331383
1 0.73984375 0.036062378167641324 0.015625 0.01364522417153996
1 0.551171875 0.04191033138401559 0.02890625 0.037037037037037035
1 0.636328125 0.025341130604288498 0.01640625 0.011695906432748537
1 0.980859375 0.025341130604288498 0.01171875 0.01364522417153996
1 0.791015625 0.033625730994152045 0.04140625 0.030214424951267055
1 0.70390625 0.021442495126705652 0.01875 0.015594541910331383
1 0.262890625 0.021929824561403508 0.01328125 0.02046783625730994
1 0.147265625 0.02046783625730994 0.02421875 0.021442495126705652
1 0.025390625 0.01705653021442495 0.01484375 0.02046783625730994
1 0.59921875 0.026803118908382065 0.028125 0.043859649122807015
1 0.950390625 0.01364522417153996 0.01953125 0.02729044834307992
1 0.905859375 0.005360623781676413 0.01953125 0.010721247563352826
1 0.85 0.00682261208576998 0.0140625 0.01364522417153996
1 0.675390625 0.01705653021442495 0.02265625 0.0341130604288499
1 0.443359375 0.04239766081871345 0.07578125 0.0847953216374269
1 0.3390625 0.012183235867446393 0.0265625 0.024366471734892786
1 0.220703125 0.01023391812865497 0.01796875 0.02046783625730994
1 0.122265625 0.007797270955165692 0.01796875 0.015594541910331383
1 0.218359375 0.8976608187134503 0.05234375 0.056530214424951264
1 0.323046875 0.7456140350877193 0.02109375 0.021442495126705652
1 0.3984375 0.8966861598440545 0.0390625 0.05847953216374269
1 0.620703125 0.8996101364522417 0.03828125 0.06432748538011696