1 0.293359375 0.9161793372319688 0.03828125 0.029239766081871343
1 0.8546875 0.9088693957115009 0.01875 0.028265107212475632
1 0.45625 0.8284600389863548 0.0453125 0.04873294346978557
1 0.794140625 0.8240740740740741 0.06484375 0.09454191033138401
1 0.75625 0.7860623781676414 0.01875 0.03216374269005848
1 0.33828125 0.7529239766081871 0.071875 0.05360623781676413
1 0.53671875 0.7236842105263158 0.0515625 0.0341130604288499
1 0.466796875 0.6988304093567251 0.01171875 0.011695906432748537
1 0.501953125 0.6949317738791423 0.01796875 0.017543859649122806
1 0.941796875 0.7090643274853801 0.07109375 0.05165692007797271
1 0.822265625 0.7524366471734892 0.12578125 0.18518518518518517
1 0.428125 0.6481481481481481 0.0140625 0.011695906432748537
1 0.40859375 0.6525341130604289 0.0234375 0.028265107212475632
1 0.4546875 0.6437621832358674 0.0296875 0.022417153996101363
1 0.231640625 0.6388888888888888 0.01640625 0.016569200779727095
1 0.680078125 0.7227095516569201 0.08203125 0.19005847953216373
1 0.375 0.6301169590643275 0.0234375 0.008771929824561403
1 0.633984375 0.6335282651072125 0.01953125 0.01949317738791423
1 0.1 0.6871345029239766 0.2 0.1286549707602339
1 0.639453125 0.6057504873294347 0.01953125 0.02631578947368421
1 0.748828125 0.6057504873294347 0.09296875 0.0769980506822612
1 0.167578125 0.5423976608187134 0.03984375 0.057504873294346975
1 0.628125 0.45321637426900585 0.028125 0.02729044834307992
1 0.375390625 0.442495126705653 0.00859375 0.01949317738791423
1 0.66875 0.4327485380116959 0.0140625 0.025341130604288498
1 0.494921875 0.43810916179337234 0.09140625 0.06725146198830409
1 0.6484375 0.4098440545808967 0.0171875 0.022417153996101363
1 0.27890625 0.38596491228070173 0.0171875 0.007797270955165692
1 0.7125 0.38499025341130605 0.025 0.02729044834307992
1 0.98203125 0.3654970760233918 0.0125 0.025341130604288498
1 0.176953125 0.3538011695906433 0.03359375 0.017543859649122806
1 0.955078125 0.33869395711500977 0.01171875 0.014619883040935672
1 0.261328125 0.3079922027290448 0.05234375 0.029239766081871343
1 0.012890625 0.28654970760233917 0.02578125 0.03508771929824561
1 0.982421875 0.30116959064327486 0.03515625 0.08771929824561403
1 0.323828125 0.3966861598440546 0.24609375 0.30409356725146197
1 0.840234375 0.22709551656920077 0.02109375 0.02729044834307992
1 0.427734375 0.2212475633528265 0.01328125 0.017543859649122806
1 0.1015625 0.21393762183235868 0.1859375 0.12378167641325535
1 0.8484375 0.1354775828460039 0.0140625 0.015594541910331383
1 0.86796875 0.1267056530214425 0.0125 0.009746588693957114
1 0.3 0.08820662768031189 0.0125 0.016569200779727095
1 0.44140625 0.0891812865497076 0.046875 0.04580896686159844
1 0.38828125 0.06968810916179337 0.0125 0.010721247563352826
1 0.52734375 0.11306042884990253 0.140625 0.1111111111111111
1 0.20859375 0.09990253411306042 0.065625 0.08674463937621832
1 0.589453125 0.059941520467836254 0.01015625 0.012670565302144249
1 0.8484375 0.0594541910331384 0.0140625 0.01364522417153996
1 0.5546875 0.06578947368421052 0.0296875 0.028265107212475632
1 0.26484375 0.0384990253411306 0.0203125 0.016569200779727095
1 0.2390625 0.030214424951267055 0.0140625 0.011695906432748537
1 0.891015625 0.06871345029239766 0.03984375 0.09259259259259259
1 0.723828125 0.11208576998050682 0.23203125 0.20272904483430798
1 0.527734375 0.019005847953216373 0.02890625 0.02631578947368421
1 0.9375 0.022417153996101363 0.103125 0.04483430799220273
1 0.2484375 0.005847953216374269 0.0109375 0.011695906432748537
1 0.03828125 0.05019493177387914 0.0765625 0.10038986354775828