1 0.520020 0.731771 0.036133 0.041667
1 0.689453 0.548828 0.087891 0.102865
1 0.805664 0.391927 0.048828 0.057292
1 0.409180 0.207682 0.046875 0.069010
1 0.651855 0.178385 0.020508 0.028646
1 0.365723 0.136719 0.036133 0.044271
1 0.187012 0.311849 0.036133 0.050781
1 0.536133 0.410807 0.037109 0.058594
1 0.491699 0.382161 0.041992 0.079427
1 0.114746 0.421875 0.040039 0.078125
1 0.060547 0.494792 0.033203 0.049479
1 0.403320 0.956380 0.058594 0.079427
1 0.779297 0.940104 0.097656 0.098958
1 0.069824 0.759115 0.022461 0.031250
1 0.114258 0.798177 0.021484 0.039062
1 0.505371 0.117188 0.020508 0.028646