1 0.479980 0.268229 0.036133 0.041667
1 0.310547 0.451172 0.087891 0.102865
1 0.194336 0.608073 0.048828 0.057292
1 0.590820 0.792318 0.046875 0.069010
1 0.348145 0.821615 0.020508 0.028646
1 0.634277 0.863281 0.036133 0.044271
1 0.812988 0.688151 0.036133 0.050781
1 0.463867 0.589193 0.037109 0.058594
1 0.508301 0.617839 0.041992 0.079427
1 0.885254 0.578125 0.040039 0.078125
1 0.939453 0.505208 0.033203 0.049479
1 0.596680 0.043620 0.058594 0.079427
1 0.220703 0.059896 0.097656 0.098958
1 0.930176 0.240885 0.022461 0.031250
1 0.885742 0.201823 0.021484 0.039062
1 0.494629 0.882812 0.020508 0.028646