1 0.938802 0.216309 0.101562 0.112305
1 0.958333 0.598145 0.072917 0.075195
1 0.733073 0.481445 0.072917 0.046875
1 0.547526 0.316406 0.102865 0.082031
1 0.389323 0.188477 0.054688 0.046875
1 0.391927 0.493652 0.117188 0.088867
1 0.171875 0.338867 0.046875 0.046875
1 0.216797 0.597656 0.071615 0.035156
1 0.140625 0.636719 0.039062 0.027344
1 0.311849 0.812500 0.055990 0.031250
1 0.423177 0.885254 0.075521 0.038086
1 0.493490 0.937988 0.054688 0.036133
1 0.555990 0.890625 0.039062 0.027344
1 0.176432 0.045410 0.040365 0.036133
1 0.797526 0.882324 0.040365 0.034180
1 0.759766 0.929199 0.027344 0.024414
1 0.647135 0.273438 0.036458 0.029297
1 0.834635 0.220703 0.036458 0.023438
1 0.675781 0.084473 0.046875 0.051758
1 0.464844 0.666504 0.041667 0.030273
1 0.386068 0.405273 0.032552 0.025391
1 0.483073 0.454590 0.026042 0.026367
1 0.241536 0.244141 0.022135 0.035156
1 0.106771 0.924805 0.033854 0.052734
1 0.108724 0.040527 0.032552 0.012695