1 0.216309 0.061198 0.112305 0.101562
1 0.598145 0.041667 0.075195 0.072917
1 0.481445 0.266927 0.046875 0.072917
1 0.316406 0.452474 0.082031 0.102865
1 0.188477 0.610677 0.046875 0.054688
1 0.493652 0.608073 0.088867 0.117188
1 0.338867 0.828125 0.046875 0.046875
1 0.597656 0.783203 0.035156 0.071615
1 0.636719 0.859375 0.027344 0.039062
1 0.812500 0.688151 0.031250 0.055990
1 0.885254 0.576823 0.038086 0.075521
1 0.937988 0.506510 0.036133 0.054688
1 0.890625 0.444010 0.027344 0.039062
1 0.045410 0.823568 0.036133 0.040365
1 0.882324 0.202474 0.034180 0.040365
1 0.929199 0.240234 0.024414 0.027344
1 0.273438 0.352865 0.029297 0.036458
1 0.220703 0.165365 0.023438 0.036458
1 0.084473 0.324219 0.051758 0.046875
1 0.666504 0.535156 0.030273 0.041667
1 0.405273 0.613932 0.025391 0.032552
1 0.454590 0.516927 0.026367 0.026042
1 0.244141 0.758464 0.035156 0.022135
1 0.924805 0.893229 0.052734 0.033854
1 0.040527 0.891276 0.012695 0.032552