1 0.584766 0.338694 0.036719 0.047758
1 0.657031 0.404483 0.020313 0.027290
1 0.307422 0.579922 0.042969 0.052632
1 0.321484 0.528752 0.027344 0.024366
1 0.732422 0.709552 0.030469 0.031189
1 0.716016 0.833821 0.019531 0.026316
1 0.630469 0.767544 0.026562 0.028265
1 0.319141 0.289474 0.028906 0.035088
1 0.358984 0.201267 0.030469 0.026316
1 0.454688 0.091131 0.021875 0.026316
1 0.566797 0.111598 0.014844 0.020468
1 0.033984 0.241228 0.021094 0.030214
1 0.060156 0.428850 0.021875 0.025341
1 0.082812 0.462476 0.018750 0.030214
1 0.071484 0.498538 0.032031 0.014620
1 0.166406 0.494639 0.014063 0.014620
1 0.103906 0.704678 0.023438 0.021442
1 0.094531 0.743177 0.029687 0.020468
1 0.091406 0.875244 0.026562 0.019493
1 0.028906 0.857700 0.014063 0.021442
1 0.155078 0.910819 0.024219 0.024366
1 0.091016 0.913255 0.030469 0.019493
1 0.369922 0.924464 0.025781 0.020468
1 0.448437 0.919103 0.015625 0.013645
1 0.297266 0.820663 0.024219 0.033138
1 0.342187 0.731481 0.012500 0.032164
1 0.432031 0.822125 0.017188 0.030214
1 0.541797 0.476121 0.017969 0.024366
1 0.639062 0.514620 0.015625 0.025341
1 0.636719 0.705653 0.026562 0.038986
1 0.116406 0.659844 0.039062 0.015595
1 0.424219 0.021442 0.007812 0.013645
1 0.323828 0.018519 0.038281 0.021442
1 0.367188 0.356725 0.025000 0.029240
1 0.422266 0.755848 0.022656 0.026316
1 0.594141 0.925439 0.021094 0.012671
1 0.136719 0.341618 0.018750 0.028265
1 0.198437 0.431774 0.026562 0.019493