1 0.211328 0.043860 0.021094 0.013645
1 0.307422 0.089669 0.016406 0.017544
1 0.340625 0.022904 0.012500 0.006823
1 0.452344 0.084795 0.018750 0.023392
1 0.499609 0.037524 0.027344 0.022417
1 0.523438 0.105750 0.012500 0.024366
1 0.635156 0.079922 0.014063 0.015595
1 0.673438 0.075049 0.010937 0.015595
1 0.125781 0.076023 0.009375 0.013645
1 0.083203 0.132066 0.016406 0.010721
1 0.116016 0.164230 0.014844 0.018519
1 0.154297 0.215887 0.019531 0.018519
1 0.248828 0.150585 0.011719 0.020468
1 0.212891 0.099903 0.010156 0.012671
1 0.258203 0.111111 0.014844 0.005848
1 0.098047 0.057018 0.019531 0.014620
1 0.047266 0.104776 0.014844 0.008772
1 0.038672 0.089181 0.011719 0.006823
1 0.035937 0.276803 0.015625 0.017544
1 0.133984 0.288012 0.014844 0.014620
1 0.123438 0.317251 0.010937 0.012671
1 0.100000 0.392300 0.017188 0.022417
1 0.060156 0.395224 0.015625 0.024366
1 0.176953 0.403509 0.014844 0.017544
1 0.242969 0.375731 0.018750 0.024366
1 0.290625 0.276803 0.020313 0.013645
1 0.360156 0.183236 0.014063 0.017544
1 0.323047 0.112573 0.008594 0.014620
1 0.226562 0.060429 0.026562 0.011696
1 0.149219 0.540936 0.018750 0.007797
1 0.255078 0.574074 0.013281 0.013645
1 0.282422 0.513645 0.013281 0.019493
1 0.310156 0.411793 0.023438 0.018519
1 0.396094 0.413255 0.021875 0.021442
1 0.426172 0.448343 0.014844 0.017544
1 0.427734 0.531676 0.016406 0.022417
1 0.607031 0.769493 0.020313 0.026316
1 0.689453 0.572125 0.017969 0.015595
1 0.625391 0.599415 0.025781 0.017544
1 0.583594 0.592593 0.020313 0.025341
1 0.522656 0.580409 0.014063 0.022417
1 0.482422 0.634990 0.011719 0.012671
1 0.228516 0.653996 0.011719 0.013645
1 0.194141 0.717349 0.022656 0.021442
1 0.013281 0.729532 0.014063 0.034113
1 0.028516 0.686647 0.019531 0.016569
1 0.015234 0.569688 0.016406 0.016569
1 0.060156 0.535088 0.018750 0.011696
1 0.081250 0.545322 0.010937 0.028265
1 0.019922 0.778265 0.013281 0.014620
1 0.172656 0.829922 0.018750 0.024366
1 0.121484 0.740253 0.016406 0.012671
1 0.152734 0.740253 0.011719 0.008772
1 0.069922 0.695906 0.032031 0.011696
1 0.093359 0.872807 0.011719 0.020468
1 0.105078 0.916667 0.016406 0.018519
1 0.205469 0.892300 0.018750 0.024366
1 0.527344 0.900097 0.012500 0.022417
1 0.552734 0.924464 0.013281 0.024366
1 0.594922 0.888889 0.013281 0.023392
1 0.646484 0.922027 0.017969 0.013645
1 0.737500 0.891326 0.010937 0.032164
1 0.451953 0.191520 0.011719 0.016569
1 0.491406 0.247076 0.012500 0.020468
1 0.560937 0.262671 0.012500 0.018519
1 0.570312 0.328460 0.018750 0.013645
1 0.580469 0.350877 0.020313 0.009747
1 0.660937 0.385965 0.023438 0.023392
1 0.579688 0.406433 0.026562 0.023392
1 0.645703 0.500487 0.016406 0.026316
1 0.730859 0.484405 0.019531 0.019493
1 0.696875 0.503411 0.012500 0.026316
1 0.719531 0.522904 0.015625 0.024366
1 0.305078 0.680799 0.013281 0.016569
1 0.281250 0.626706 0.023438 0.015595
1 0.289062 0.372807 0.021875 0.020468
1 0.301953 0.336745 0.014844 0.012671
1 0.432031 0.196394 0.017188 0.024366
1 0.671484 0.193957 0.028906 0.017544
1 0.677344 0.219786 0.029687 0.018519
1 0.596875 0.381092 0.021875 0.023392
1 0.258203 0.445419 0.022656 0.011696
1 0.508984 0.719786 0.046094 0.022417
1 0.421484 0.698830 0.016406 0.019493
1 0.330469 0.710039 0.039062 0.018519
1 0.514844 0.843567 0.014063 0.024366
1 0.393750 0.875731 0.018750 0.020468