1 0.068750 0.319688 0.031250 0.027290
1 0.146094 0.319688 0.021875 0.021442
1 0.154688 0.153996 0.028125 0.029240
1 0.389453 0.024366 0.035156 0.023392
1 0.483203 0.103801 0.022656 0.026316
1 0.287109 0.134990 0.033594 0.022417
1 0.351562 0.069688 0.018750 0.024366
1 0.637500 0.374756 0.012500 0.028265
1 0.615625 0.240253 0.017188 0.022417
1 0.633594 0.284600 0.023438 0.023392
1 0.373828 0.442495 0.016406 0.027290
1 0.123828 0.551657 0.038281 0.027290
1 0.086719 0.648148 0.032813 0.023392
1 0.050781 0.788986 0.023438 0.018519
1 0.140234 0.748538 0.028906 0.025341
1 0.169141 0.828460 0.022656 0.023392
1 0.364453 0.863548 0.022656 0.015595
1 0.517188 0.900585 0.032813 0.023392
1 0.725391 0.783626 0.019531 0.033138
1 0.705859 0.846979 0.016406 0.021442
1 0.711719 0.859649 0.003125 0.003899
1 0.471484 0.754873 0.019531 0.016569
1 0.576953 0.744152 0.030469 0.030214
1 0.633984 0.687135 0.024219 0.017544
1 0.706250 0.688596 0.010937 0.016569
1 0.375391 0.589669 0.021094 0.021442
1 0.305078 0.655945 0.033594 0.023392
1 0.729688 0.528265 0.046875 0.040936
1 0.623828 0.557992 0.028906 0.028265
1 0.657422 0.553119 0.019531 0.022417
1 0.758594 0.329435 0.012500 0.017544
1 0.178906 0.384503 0.017188 0.012671
1 0.163672 0.255361 0.032031 0.011696
1 0.183594 0.307505 0.023438 0.018519
1 0.569922 0.367446 0.021094 0.027290
1 0.529687 0.663743 0.017188 0.023392
1 0.419141 0.827973 0.017969 0.032164
1 0.329297 0.385965 0.028906 0.017544
1 0.212500 0.869396 0.039062 0.021442
1 0.370312 0.911793 0.021875 0.016569
1 0.699609 0.750487 0.017969 0.019493
1 0.659375 0.368908 0.015625 0.022417
1 0.655859 0.326511 0.022656 0.019493
1 0.264844 0.004873 0.015625 0.009747
1 0.013281 0.373782 0.017188 0.020468
1 0.223828 0.139864 0.016406 0.026316
1 0.242578 0.159357 0.013281 0.028265
1 0.594141 0.128168 0.025781 0.026316
1 0.630469 0.147173 0.029687 0.023392
1 0.726172 0.144737 0.016406 0.024366
1 0.391797 0.702242 0.019531 0.024366
1 0.497656 0.706140 0.026562 0.032164
1 0.474219 0.775828 0.021875 0.017544