1 0.140234 0.781189 0.016406 0.028265
1 0.202734 0.811404 0.028906 0.020468
1 0.227344 0.791423 0.018750 0.017544
1 0.250000 0.813840 0.020313 0.023392
1 0.207031 0.851852 0.021875 0.029240
1 0.280078 0.822125 0.016406 0.016569
1 0.358203 0.851365 0.016406 0.024366
1 0.373828 0.849415 0.008594 0.030214
1 0.387109 0.812378 0.010156 0.028265
1 0.408203 0.812378 0.014844 0.034113
1 0.432422 0.799220 0.011719 0.023392
1 0.422656 0.851365 0.018750 0.018519
1 0.427734 0.894250 0.021094 0.026316
1 0.489844 0.870370 0.017188 0.027290
1 0.063672 0.118908 0.024219 0.005848
1 0.033203 0.146686 0.014844 0.016569
1 0.058984 0.145712 0.013281 0.012671
1 0.113281 0.094055 0.012500 0.012671
1 0.133203 0.121345 0.014844 0.016569
1 0.081250 0.075049 0.026562 0.011696
1 0.112109 0.025828 0.010156 0.010721
1 0.161719 0.094542 0.010937 0.031189
1 0.192578 0.025341 0.013281 0.011696
1 0.219141 0.064815 0.016406 0.018519
1 0.288281 0.082359 0.021875 0.010721
1 0.360938 0.041910 0.020313 0.011696
1 0.400000 0.107700 0.018750 0.018519
1 0.417187 0.017057 0.015625 0.018519
1 0.475781 0.073099 0.012500 0.019493
1 0.437891 0.114035 0.011719 0.025341
1 0.524219 0.006335 0.020313 0.008772
1 0.518359 0.087719 0.014844 0.013645
1 0.586719 0.009747 0.021875 0.015595
1 0.607422 0.041423 0.014844 0.020468
1 0.603125 0.064815 0.020313 0.014620
1 0.671875 0.003899 0.023438 0.007797
1 0.120703 0.516082 0.019531 0.020468
1 0.173047 0.389864 0.013281 0.021442
1 0.188672 0.400097 0.008594 0.026316
1 0.016406 0.247076 0.023438 0.020468
1 0.017578 0.309942 0.016406 0.017544
1 0.121875 0.317739 0.018750 0.019493
1 0.153906 0.280214 0.014063 0.014620
1 0.158984 0.209552 0.013281 0.021442
1 0.164453 0.152047 0.010156 0.013645
1 0.200000 0.178363 0.018750 0.017544
1 0.240625 0.157895 0.010937 0.019493
1 0.136719 0.140838 0.023438 0.010721
1 0.396484 0.171053 0.021094 0.018519
1 0.321484 0.191520 0.024219 0.024366
1 0.208984 0.319201 0.028906 0.014620
1 0.253516 0.353801 0.016406 0.021442
1 0.296094 0.350390 0.021875 0.020468
1 0.308594 0.410331 0.023438 0.013645
1 0.371875 0.430799 0.021875 0.009747
1 0.311328 0.460039 0.010156 0.015595
1 0.340234 0.480019 0.022656 0.024366
1 0.146875 0.514620 0.015625 0.015595
1 0.163672 0.479045 0.021094 0.008772
1 0.014453 0.385965 0.010156 0.013645
1 0.012109 0.409357 0.010156 0.011696
1 0.089063 0.362086 0.014063 0.014620
1 0.132422 0.558967 0.024219 0.026316
1 0.172266 0.532651 0.014844 0.022417
1 0.280469 0.529240 0.026562 0.017544
1 0.283203 0.560429 0.046094 0.019493
1 0.387500 0.590156 0.025000 0.020468
1 0.261328 0.589669 0.021094 0.019493
1 0.267578 0.625731 0.021094 0.015595
1 0.302734 0.666667 0.021094 0.017544
1 0.309766 0.708577 0.024219 0.007797
1 0.148828 0.647173 0.025781 0.025341
1 0.070312 0.660819 0.031250 0.025341
1 0.070703 0.708090 0.027344 0.022417
1 0.110156 0.692008 0.015625 0.017544
1 0.018750 0.780702 0.031250 0.015595
1 0.018750 0.802144 0.032813 0.017544
1 0.053906 0.795322 0.017188 0.025341
1 0.684375 0.526803 0.023438 0.024366
1 0.463672 0.199805 0.017969 0.017544
1 0.497656 0.305068 0.018750 0.033138
1 0.427734 0.294347 0.024219 0.027290
1 0.444531 0.338207 0.021875 0.015595
1 0.439063 0.372807 0.017188 0.028265
1 0.370703 0.344055 0.014844 0.019493
1 0.323828 0.344542 0.008594 0.012671
1 0.508984 0.384990 0.042969 0.025341
1 0.427344 0.419591 0.021875 0.012671
1 0.493750 0.426413 0.017188 0.020468
1 0.523047 0.544347 0.025781 0.020468
1 0.703906 0.893275 0.014063 0.014620
1 0.700000 0.761696 0.015625 0.014620
1 0.478516 0.789961 0.016406 0.034113
1 0.401562 0.752924 0.018750 0.028265
1 0.267969 0.748538 0.029687 0.021442
1 0.585156 0.348928 0.023438 0.031189
1 0.640234 0.371832 0.021094 0.020468
1 0.651563 0.716862 0.018750 0.018519
1 0.526172 0.621345 0.019531 0.016569
1 0.551953 0.488791 0.005469 0.020468
1 0.579297 0.465400 0.014844 0.030214
1 0.593359 0.900585 0.035156 0.033138
1 0.734375 0.005361 0.020313 0.008772