1 0.491016 0.197368 0.014844 0.034113
1 0.379297 0.188109 0.030469 0.035088
1 0.410156 0.252437 0.025000 0.027290
1 0.157812 0.275341 0.023438 0.026316
1 0.200781 0.267544 0.020313 0.012671
1 0.016016 0.222222 0.017969 0.033138
1 0.077734 0.283138 0.016406 0.026316
1 0.430469 0.020955 0.035937 0.034113
1 0.665625 0.034600 0.025000 0.024366
1 0.523047 0.268031 0.017969 0.035088
1 0.509766 0.335770 0.042969 0.043860
1 0.389453 0.314327 0.032031 0.026316
1 0.368359 0.393762 0.030469 0.023392
1 0.184375 0.378655 0.046875 0.032164
1 0.282031 0.409357 0.020313 0.033138
1 0.180859 0.461014 0.035156 0.019493
1 0.225781 0.494639 0.025000 0.024366
1 0.134766 0.582846 0.027344 0.033138
1 0.139063 0.629630 0.059375 0.037037
1 0.089844 0.669591 0.017188 0.023392
1 0.117969 0.735380 0.023438 0.036062
1 0.167969 0.808480 0.029687 0.032164
1 0.176563 0.881579 0.015625 0.028265
1 0.303906 0.677875 0.029687 0.028265
1 0.531250 0.601852 0.018750 0.024366
1 0.615625 0.627680 0.023438 0.033138
1 0.523828 0.676901 0.019531 0.028265
1 0.485156 0.401559 0.029687 0.017544
1 0.583203 0.508285 0.022656 0.028265
1 0.547266 0.445419 0.019531 0.023392
1 0.532422 0.415692 0.024219 0.020468
1 0.662891 0.209552 0.024219 0.031189
1 0.633203 0.276803 0.019531 0.029240
1 0.610156 0.297271 0.026562 0.027290
1 0.735547 0.314815 0.017969 0.031189
1 0.730859 0.383528 0.025781 0.028265
1 0.624609 0.467349 0.025781 0.014620
1 0.541797 0.736355 0.030469 0.024366
1 0.616406 0.667641 0.023438 0.033138
1 0.741797 0.891326 0.019531 0.038012
1 0.409766 0.848928 0.024219 0.027290