1 0.499512 0.488281 0.999023 0.971354
1 0.499512 0.957682 0.999023 0.079427
1 0.791504 0.349609 0.038086 0.058594
1 0.718262 0.764323 0.028320 0.023438
1 0.192871 0.048828 0.063477 0.087240
1 0.634766 0.260417 0.013672 0.023438
1 0.195312 0.064453 0.048828 0.050781
1 0.253906 0.038411 0.031250 0.053385
1 0.766602 0.880208 0.019531 0.046875
1 0.766602 0.867188 0.017578 0.020833
1 0.920410 0.957682 0.151367 0.076823
1 0.174805 0.977865 0.023438 0.015625
1 0.417969 0.169922 0.033203 0.040365
1 0.242676 0.979818 0.020508 0.011719
1 0.311035 0.957031 0.622070 0.078125
1 0.261719 0.886068 0.005859 0.009115
1 0.796875 0.672526 0.007812 0.011719
1 0.453125 0.480469 0.005859 0.010417
1 0.236816 0.692708 0.014648 0.026042
1 0.391602 0.898438 0.009766 0.026042
1 0.392090 0.741536 0.024414 0.037760
1 0.268555 0.265625 0.013672 0.013021
1 0.796875 0.673177 0.005859 0.010417
1 0.107910 0.397135 0.012695 0.013021
1 0.450195 0.669922 0.013672 0.019531
1 0.457031 0.612630 0.019531 0.027344
1 0.106445 0.396484 0.009766 0.011719
1 0.416016 0.419271 0.013672 0.007812
1 0.262207 0.038411 0.045898 0.055990
1 0.496094 0.360026 0.027344 0.053385
1 0.034668 0.376302 0.049805 0.057292
1 0.678223 0.026042 0.026367 0.036458
1 0.453613 0.075521 0.006836 0.015625
1 0.287109 0.582031 0.054688 0.062500
1 0.036133 0.365234 0.046875 0.035156
1 0.678223 0.548828 0.010742 0.016927
1 0.515625 0.827474 0.005859 0.009115
1 0.360840 0.978516 0.028320 0.016927
1 0.978516 0.475260 0.013672 0.015625
1 0.110840 0.242839 0.010742 0.016927
1 0.708984 0.356120 0.007812 0.011719
1 0.671875 0.805990 0.013672 0.028646
1 0.019531 0.791667 0.009766 0.013021
1 0.453125 0.138021 0.007812 0.018229
1 0.109863 0.207031 0.008789 0.010417
1 0.673340 0.802083 0.008789 0.018229
1 0.079102 0.645182 0.015625 0.022135
1 0.895996 0.972656 0.010742 0.018229
1 0.578125 0.405599 0.035156 0.050781
1 0.017578 0.887370 0.005859 0.009115
1 0.487305 0.059896 0.015625 0.036458
1 0.929199 0.207682 0.010742 0.014323
1 0.769043 0.634115 0.004883 0.015625
1 0.861328 0.972005 0.011719 0.016927
1 0.329102 0.705078 0.011719 0.019531
1 0.895508 0.072266 0.011719 0.029948
1 0.677734 0.552083 0.011719 0.026042
1 0.016113 0.573568 0.012695 0.029948
1 0.202148 0.414062 0.009766 0.015625
1 0.458496 0.976562 0.008789 0.013021
1 0.548340 0.611328 0.006836 0.006510
1 0.483398 0.731120 0.042969 0.053385
1 0.397949 0.426432 0.020508 0.029948
1 0.519531 0.315755 0.031250 0.040365
1 0.271484 0.514323 0.023438 0.023438
1 0.670410 0.638021 0.018555 0.015625
1 0.709961 0.524740 0.009766 0.015625
1 0.205078 0.798828 0.015625 0.009115
1 0.583496 0.272135 0.008789 0.010417
1 0.673340 0.738932 0.004883 0.009115
1 0.736328 0.823568 0.011719 0.014323
1 0.143066 0.770833 0.008789 0.013021
1 0.548828 0.976562 0.039062 0.015625
1 0.671875 0.768880 0.005859 0.027344
1 0.890137 0.789062 0.008789 0.018229
1 0.634766 0.979818 0.017578 0.011719
1 0.420898 0.393229 0.009766 0.013021
1 0.483398 0.833984 0.015625 0.016927
1 0.768066 0.634115 0.008789 0.018229
1 0.513672 0.421224 0.005859 0.009115
1 0.234863 0.580729 0.006836 0.010417
1 0.527344 0.662760 0.041016 0.041667
1 0.889648 0.152344 0.009766 0.036458
1 0.031738 0.232422 0.057617 0.092448
1 0.852051 0.957682 0.293945 0.076823
1 0.166992 0.068359 0.011719 0.024740
1 0.632812 0.357422 0.015625 0.014323
1 0.888672 0.546224 0.009766 0.011719
1 0.484375 0.546224 0.037109 0.014323
1 0.137695 0.154948 0.039062 0.054688
1 0.062012 0.181641 0.041992 0.040365
1 0.764648 0.070964 0.005859 0.022135
1 0.021973 0.017578 0.036133 0.035156
1 0.017578 0.048828 0.031250 0.024740
1 0.617676 0.944010 0.028320 0.018229
1 0.979980 0.168620 0.008789 0.011719
1 0.890625 0.883464 0.007812 0.011719
1 0.148438 0.517578 0.027344 0.022135
1 0.546875 0.089193 0.005859 0.014323
1 0.512695 0.460938 0.015625 0.018229
1 0.451172 0.976562 0.023438 0.015625
1 0.643555 0.704427 0.044922 0.044271
1 0.673828 0.304036 0.007812 0.014323
1 0.592773 0.557292 0.044922 0.098958
1 0.148926 0.026693 0.040039 0.035156
1 0.767578 0.478516 0.005859 0.011719
1 0.547852 0.575521 0.003906 0.007812
1 0.056152 0.943359 0.024414 0.014323
1 0.171875 0.017578 0.009766 0.024740
1 0.380371 0.526693 0.024414 0.035156
1 0.891113 0.518229 0.004883 0.007812
1 0.024902 0.960286 0.018555 0.045573
1 0.234375 0.580729 0.009766 0.015625
1 0.236816 0.214193 0.020508 0.035156
1 0.762207 0.957682 0.467773 0.076823
1 0.324219 0.273438 0.011719 0.013021
1 0.789062 0.835286 0.019531 0.019531
1 0.018555 0.688802 0.019531 0.059896
1 0.242188 0.597656 0.023438 0.028646
1 0.792969 0.175781 0.033203 0.070312
1 0.326660 0.013672 0.006836 0.009115
1 0.865723 0.643229 0.018555 0.013021
1 0.583984 0.230469 0.009766 0.015625
1 0.024902 0.114583 0.034180 0.054688
1 0.024902 0.970052 0.018555 0.023438
1 0.765137 0.468099 0.008789 0.027344
1 0.424316 0.975911 0.045898 0.014323
1 0.544434 0.699870 0.008789 0.016927
1 0.673828 0.451823 0.003906 0.010417
1 0.553711 0.373047 0.027344 0.035156
1 0.760254 0.236979 0.016602 0.039062
1 0.374023 0.944661 0.066406 0.019531
1 0.865234 0.019531 0.103516 0.039062
1 0.104980 0.570964 0.016602 0.019531
1 0.182617 0.938802 0.042969 0.033854
1 0.330078 0.453776 0.011719 0.011719
1 0.074219 0.836589 0.019531 0.040365
1 0.270508 0.332682 0.013672 0.014323
1 0.023926 0.460938 0.020508 0.049479
1 0.269531 0.641276 0.009766 0.014323
1 0.359863 0.359375 0.028320 0.033854
1 0.854004 0.605469 0.008789 0.007812
1 0.366699 0.477865 0.016602 0.023438
1 0.016113 0.271484 0.014648 0.032552
1 0.174316 0.570312 0.012695 0.020833
1 0.802246 0.634766 0.022461 0.014323
1 0.679688 0.699870 0.015625 0.024740
1 0.455566 0.537760 0.010742 0.018229
1 0.765137 0.299479 0.004883 0.013021
1 0.577148 0.977214 0.007812 0.009115
1 0.454102 0.798177 0.011719 0.039062
1 0.200195 0.220052 0.007812 0.033854
1 0.015137 0.274089 0.018555 0.040365
1 0.274414 0.107422 0.011719 0.011719
1 0.709961 0.110677 0.013672 0.010417
1 0.109375 0.736328 0.007812 0.009115
1 0.232910 0.652995 0.010742 0.032552
1 0.019531 0.561849 0.007812 0.053385
1 0.584473 0.602214 0.014648 0.029948
1 0.711914 0.731771 0.015625 0.018229
1 0.545410 0.976562 0.032227 0.013021
1 0.144531 0.483724 0.009766 0.009115
1 0.675781 0.478516 0.007812 0.016927
1 0.142090 0.817057 0.006836 0.019531
1 0.230469 0.942708 0.017578 0.015625
1 0.800781 0.578776 0.029297 0.009115
1 0.365234 0.196615 0.011719 0.028646
1 0.285645 0.292969 0.036133 0.031250
1 0.359863 0.080729 0.028320 0.049479
1 0.015137 0.828776 0.004883 0.006510
1 0.803223 0.891927 0.028320 0.041667
1 0.849121 0.044922 0.016602 0.022135
1 0.801270 0.845052 0.038086 0.031250
1 0.411621 0.842448 0.026367 0.041667
1 0.669434 0.356771 0.002930 0.010417
1 0.263672 0.850260 0.017578 0.020833
1 0.729980 0.884115 0.030273 0.052083
1 0.581055 0.147135 0.005859 0.005208
1 0.205566 0.240885 0.012695 0.020833
1 0.631836 0.462240 0.021484 0.033854
1 0.522949 0.798828 0.020508 0.016927
1 0.812012 0.113932 0.036133 0.027344
1 0.680664 0.944661 0.017578 0.011719
1 0.780762 0.098958 0.090820 0.085938
1 0.041504 0.757161 0.012695 0.011719
1 0.238281 0.262370 0.029297 0.037760
1 0.113281 0.769531 0.005859 0.010417
1 0.895508 0.043620 0.007812 0.029948
1 0.549805 0.018880 0.005859 0.011719
1 0.885254 0.860026 0.018555 0.016927
1 0.359863 0.772786 0.014648 0.019531
1 0.482422 0.145833 0.005859 0.007812
1 0.734863 0.864583 0.024414 0.036458
1 0.416992 0.043620 0.011719 0.014323
1 0.101074 0.678385 0.020508 0.010417
1 0.488281 0.112630 0.015625 0.027344
1 0.888184 0.166667 0.008789 0.018229
1 0.417969 0.236328 0.011719 0.032552
1 0.451172 0.579427 0.007812 0.013021
1 0.111328 0.455729 0.005859 0.010417
1 0.583496 0.152344 0.012695 0.015625
1 0.763184 0.228516 0.012695 0.053385
1 0.135742 0.419922 0.005859 0.011719
1 0.551270 0.376953 0.030273 0.040365
1 0.892090 0.273438 0.006836 0.013021
1 0.854980 0.821615 0.028320 0.023438
1 0.390137 0.703776 0.036133 0.032552
1 0.451660 0.261068 0.004883 0.011719
1 0.235840 0.678385 0.010742 0.031250
1 0.899414 0.011719 0.023438 0.023438
1 0.766113 0.724609 0.012695 0.024740
1 0.054199 0.378906 0.043945 0.059896
1 0.054688 0.029297 0.052734 0.050781
1 0.109863 0.850911 0.012695 0.032552
1 0.984375 0.242839 0.009766 0.024740
1 0.983398 0.304036 0.007812 0.024740
1 0.636719 0.878255 0.029297 0.040365
1 0.694824 0.802083 0.024414 0.036458
1 0.240234 0.086589 0.009766 0.014323
1 0.514648 0.422526 0.037109 0.076823
1 0.274414 0.730469 0.042969 0.033854
1 0.542969 0.731771 0.015625 0.023438
1 0.765625 0.392578 0.013672 0.040365
1 0.984375 0.138672 0.007812 0.009115
1 0.108887 0.419271 0.004883 0.013021
1 0.234863 0.738281 0.012695 0.010417
1 0.822266 0.258464 0.023438 0.040365
1 0.240234 0.830729 0.013672 0.015625
1 0.012695 0.276693 0.019531 0.040365
1 0.743164 0.692057 0.023438 0.045573
1 0.104004 0.082682 0.012695 0.022135
1 0.603027 0.977214 0.034180 0.014323
1 0.858398 0.553385 0.013672 0.031250
1 0.453125 0.427734 0.007812 0.009115
1 0.895508 0.677734 0.007812 0.024740
1 0.854980 0.585938 0.020508 0.044271
1 0.768555 0.547526 0.011719 0.011719
1 0.265625 0.233073 0.052734 0.080729
1 0.110352 0.356120 0.007812 0.009115
1 0.397949 0.050781 0.045898 0.070312
1 0.271484 0.091797 0.017578 0.040365
1 0.158691 0.549479 0.043945 0.031250
1 0.546387 0.796875 0.008789 0.018229
1 0.326660 0.516927 0.006836 0.010417
1 0.328613 0.574219 0.024414 0.018229
1 0.131348 0.037109 0.051758 0.055990
1 0.982910 0.274740 0.006836 0.036458
1 0.599121 0.889974 0.051758 0.045573