0 0.595703 0.888021 0.009766 0.015625
0 0.006348 0.858073 0.012695 0.018229
0 0.041016 0.847005 0.007812 0.011719
0 0.422363 0.798828 0.016602 0.009115
0 0.717285 0.734375 0.008789 0.026042
0 0.004395 0.710286 0.008789 0.019531
0 0.153809 0.608073 0.014648 0.013021
0 0.009277 0.599609 0.018555 0.027344
0 0.006348 0.556641 0.012695 0.011719
0 0.312988 0.534505 0.012695 0.011719
0 0.785156 0.522786 0.009766 0.011719
0 0.004395 0.490234 0.008789 0.011719
0 0.006348 0.458333 0.012695 0.015625
0 0.708496 0.367188 0.008789 0.010417
0 0.594238 0.312500 0.008789 0.010417
0 0.003906 0.305339 0.007812 0.024740
0 0.520508 0.261068 0.007812 0.011719
0 0.623535 0.159505 0.014648 0.011719
0 0.665039 0.132161 0.007812 0.014323
0 0.003906 0.125000 0.007812 0.013021
0 0.129395 0.083984 0.008789 0.011719
0 0.766113 0.083984 0.006836 0.016927
0 0.882812 0.073568 0.007812 0.011719
0 0.784668 0.050130 0.008789 0.011719
0 0.131836 0.016276 0.011719 0.009115
0 0.933105 0.007161 0.014648 0.014323
0 0.002930 0.008464 0.005859 0.016927