1 0.713672 0.917641 0.014844 0.008772
1 0.848047 0.907895 0.021094 0.012671
1 0.318359 0.908382 0.021094 0.017544
1 0.692578 0.902047 0.010156 0.012671
1 0.943750 0.896686 0.018750 0.013645
1 0.449219 0.894737 0.010937 0.013645
1 0.028516 0.896199 0.030469 0.018519
1 0.485938 0.880117 0.021875 0.021442
1 0.816016 0.866959 0.014844 0.008772
1 0.184766 0.870858 0.022656 0.016569
1 0.729297 0.871832 0.030469 0.022417
1 0.357422 0.848928 0.025781 0.021442
1 0.795703 0.822612 0.013281 0.015595
1 0.948047 0.819201 0.025781 0.018519
1 0.257812 0.793372 0.021875 0.011696
1 0.978125 0.785088 0.017188 0.012671
1 0.653125 0.769006 0.012500 0.009747
1 0.463281 0.775341 0.014063 0.024366
1 0.699609 0.769981 0.021094 0.021442
1 0.535156 0.732943 0.029687 0.017544
1 0.032422 0.731481 0.036719 0.016569
1 0.582422 0.726121 0.022656 0.011696
1 0.625000 0.713938 0.012500 0.012671
1 0.244922 0.691520 0.014844 0.010721
1 0.027734 0.634990 0.016406 0.012671
1 0.118359 0.633041 0.010156 0.016569
1 0.757031 0.602339 0.018750 0.009747
1 0.962500 0.598928 0.018750 0.018519
1 0.560937 0.595029 0.017188 0.010721
1 0.923047 0.587232 0.010156 0.020468
1 0.551562 0.559454 0.009375 0.015595
1 0.588672 0.558480 0.019531 0.017544
1 0.628516 0.556043 0.017969 0.014620
1 0.849609 0.530702 0.016406 0.018519
1 0.490625 0.523392 0.014063 0.017544
1 0.355469 0.529240 0.029687 0.031189
1 0.803516 0.514133 0.028906 0.010721
1 0.528125 0.517057 0.009375 0.020468
1 0.417578 0.514133 0.019531 0.024366
1 0.908984 0.455166 0.013281 0.017544
1 0.964844 0.440546 0.017188 0.015595
1 0.569922 0.434698 0.013281 0.017544
1 0.210547 0.422515 0.010156 0.014620
1 0.295312 0.414717 0.032813 0.018519
1 0.162500 0.407407 0.017188 0.027290
1 0.966797 0.395712 0.016406 0.011696
1 0.989844 0.385965 0.020313 0.011696
1 0.688672 0.380604 0.013281 0.016569
1 0.739453 0.373782 0.014844 0.010721
1 0.816406 0.372320 0.026562 0.017544
1 0.849219 0.370858 0.029687 0.016569
1 0.219531 0.365010 0.018750 0.012671
1 0.392578 0.353314 0.021094 0.012671
1 0.006250 0.336257 0.012500 0.021442
1 0.983594 0.318226 0.015625 0.006823
1 0.841797 0.311404 0.016406 0.012671
1 0.986719 0.273879 0.018750 0.007797
1 0.151562 0.266082 0.015625 0.015595
1 0.092969 0.258285 0.015625 0.015595
1 0.554297 0.250487 0.011719 0.015595
1 0.489063 0.238304 0.012500 0.014620
1 0.776563 0.233918 0.010937 0.015595
1 0.265234 0.208577 0.011719 0.011696
1 0.323828 0.200780 0.033594 0.017544
1 0.611328 0.195419 0.014844 0.016569
1 0.287891 0.192008 0.024219 0.015595
1 0.360938 0.191520 0.021875 0.024366
1 0.572656 0.179825 0.015625 0.018519
1 0.223047 0.185185 0.028906 0.031189
1 0.921094 0.157407 0.026562 0.010721
1 0.109766 0.145224 0.011719 0.011696
1 0.388672 0.115497 0.013281 0.010721
1 0.985938 0.107212 0.014063 0.017544
1 0.923828 0.092593 0.013281 0.009747
1 0.612891 0.023392 0.042969 0.015595