1 0.051172 0.917641 0.011719 0.012671
1 0.993359 0.904483 0.013281 0.025341
1 0.213672 0.896686 0.019531 0.009747
1 0.814453 0.897661 0.011719 0.015595
1 0.923438 0.895712 0.025000 0.044834
1 0.894922 0.883041 0.024219 0.019493
1 0.147266 0.878168 0.016406 0.011696
1 0.472656 0.863060 0.032813 0.032164
1 0.653125 0.838694 0.007812 0.018519
1 0.096875 0.848928 0.078125 0.048733
1 0.840625 0.827973 0.023438 0.020468
1 0.360938 0.825049 0.014063 0.014620
1 0.971484 0.829435 0.010156 0.027290
1 0.273438 0.811404 0.015625 0.016569
1 0.943750 0.808967 0.034375 0.019493
1 0.246484 0.805556 0.011719 0.016569
1 0.442578 0.796296 0.016406 0.013645
1 0.137891 0.795809 0.017969 0.032164
1 0.708984 0.788499 0.017969 0.027290
1 0.172656 0.789474 0.020313 0.035088
1 0.885156 0.763645 0.009375 0.020468
1 0.394922 0.756823 0.021094 0.010721
1 0.336328 0.737817 0.053906 0.017544
1 0.996484 0.735380 0.007031 0.018519
1 0.228906 0.738791 0.006250 0.025341
1 0.978516 0.734405 0.014844 0.018519
1 0.620703 0.721248 0.035156 0.025341
1 0.366016 0.714425 0.016406 0.019493
1 0.593750 0.720760 0.017188 0.053606
1 0.883203 0.698343 0.007031 0.020468
1 0.287891 0.680312 0.010156 0.021442
1 0.092969 0.663743 0.023438 0.029240
1 0.689453 0.658382 0.011719 0.022417
1 0.664453 0.649610 0.028906 0.032164
1 0.237109 0.644250 0.035156 0.025341
1 0.602344 0.648635 0.023438 0.036062
1 0.756250 0.643762 0.037500 0.030214
1 0.805859 0.635965 0.017969 0.020468
1 0.784375 0.630117 0.009375 0.018519
1 0.698047 0.607700 0.010156 0.020468
1 0.205078 0.599415 0.052344 0.040936
1 0.635547 0.570175 0.041406 0.015595
1 0.500781 0.585770 0.079687 0.054581
1 0.376172 0.562865 0.017969 0.010721
1 0.229687 0.573099 0.025000 0.031189
1 0.554688 0.568226 0.020313 0.046784
1 0.863672 0.551657 0.011719 0.023392
1 0.826953 0.543860 0.030469 0.021442
1 0.334766 0.557018 0.044531 0.051657
1 0.863281 0.526316 0.009375 0.015595
1 0.968359 0.533626 0.052344 0.034113
1 0.708594 0.523879 0.018750 0.016569
1 0.747266 0.516082 0.011719 0.014620
1 0.908594 0.504386 0.012500 0.016569
1 0.510156 0.498538 0.015625 0.028265
1 0.205859 0.481969 0.017969 0.022417
1 0.583203 0.476121 0.010156 0.014620
1 0.202344 0.442982 0.017188 0.028265
1 0.142969 0.439571 0.035937 0.025341
1 0.467578 0.427388 0.042969 0.020468
1 0.006250 0.415205 0.012500 0.040936
1 0.950000 0.405945 0.040625 0.034113
1 0.861719 0.403509 0.023438 0.040936
1 0.632812 0.400097 0.051562 0.043860
1 0.815234 0.370858 0.014844 0.010721
1 0.305469 0.369396 0.012500 0.015595
1 0.715234 0.360624 0.013281 0.015595
1 0.149609 0.366472 0.017969 0.037037
1 0.779297 0.365010 0.038281 0.038012
1 0.090234 0.360624 0.077344 0.040936
1 0.442969 0.353314 0.010937 0.030214
1 0.220703 0.344542 0.028906 0.016569
1 0.420703 0.346491 0.013281 0.028265
1 0.351953 0.352339 0.053906 0.043860
1 0.562891 0.344055 0.055469 0.052632
1 0.848047 0.315302 0.014844 0.012671
1 0.456250 0.297758 0.023438 0.010721
1 0.874219 0.296296 0.035937 0.038986
1 0.976172 0.283138 0.030469 0.024366
1 0.578516 0.274854 0.019531 0.013645
1 0.054688 0.270468 0.018750 0.020468
1 0.079297 0.268031 0.022656 0.021442
1 0.958203 0.265595 0.010156 0.020468
1 0.628125 0.268031 0.025000 0.027290
1 0.903125 0.272417 0.017188 0.043860
1 0.341406 0.255361 0.034375 0.025341
1 0.028906 0.248538 0.015625 0.015595
1 0.855469 0.250975 0.006250 0.026316
1 0.314063 0.230507 0.017188 0.024366
1 0.389062 0.231481 0.025000 0.028265
1 0.789062 0.220760 0.012500 0.012671
1 0.359375 0.223197 0.017188 0.025341
1 0.260937 0.228558 0.085938 0.049708
1 0.809766 0.199318 0.025781 0.030214
1 0.042578 0.186160 0.014844 0.011696
1 0.730469 0.189084 0.018750 0.019493
1 0.764062 0.185673 0.029687 0.026316
1 0.700781 0.186160 0.032813 0.027290
1 0.014453 0.161306 0.014844 0.018519
1 0.577734 0.157895 0.013281 0.015595
1 0.655859 0.153509 0.017969 0.016569
1 0.893750 0.150097 0.010937 0.013645
1 0.527344 0.127680 0.015625 0.015595
1 0.274219 0.130117 0.020313 0.028265
1 0.093750 0.126218 0.015625 0.024366
1 0.549219 0.117446 0.020313 0.030214
1 0.827344 0.091131 0.018750 0.012671
1 0.571094 0.113060 0.021875 0.062378
1 0.777734 0.086745 0.022656 0.021442
1 0.187500 0.076998 0.021875 0.025341
1 0.436719 0.071637 0.023438 0.024366
1 0.378516 0.053606 0.008594 0.017544
1 0.687891 0.054581 0.007031 0.023392
1 0.924609 0.053119 0.027344 0.024366
1 0.113281 0.039961 0.009375 0.023392
1 0.552344 0.036062 0.020313 0.019493
1 0.289844 0.023392 0.012500 0.011696
1 0.324219 0.026803 0.040625 0.026316
1 0.600391 0.032164 0.041406 0.046784
1 0.688672 0.007797 0.035156 0.015595
1 0.476562 0.013158 0.028125 0.026316
1 0.426172 0.022417 0.016406 0.044834