1 0.874609 0.919591 0.032031 0.020468
1 0.439453 0.909357 0.013281 0.013645
1 0.575391 0.907407 0.030469 0.017544
1 0.525391 0.906433 0.017969 0.035088
1 0.156250 0.895712 0.021875 0.023392
1 0.549219 0.889376 0.020313 0.014620
1 0.787891 0.853801 0.047656 0.015595
1 0.474609 0.856725 0.046094 0.025341
1 0.932422 0.848928 0.011719 0.011696
1 0.867969 0.858187 0.017188 0.032164
1 0.438281 0.827485 0.020313 0.019493
1 0.929688 0.824074 0.010937 0.022417
1 0.994141 0.825536 0.011719 0.038986
1 0.122266 0.817251 0.022656 0.022417
1 0.261328 0.813840 0.044531 0.019493
1 0.151172 0.811891 0.021094 0.015595
1 0.522266 0.816277 0.032031 0.030214
1 0.406250 0.807018 0.014063 0.011696
1 0.812109 0.806043 0.014844 0.013645
1 0.359375 0.801170 0.012500 0.013645
1 0.178906 0.792885 0.012500 0.018519
1 0.332813 0.782651 0.023438 0.013645
1 0.555469 0.782651 0.054688 0.025341
1 0.485156 0.779727 0.028125 0.019493
1 0.702344 0.769981 0.037500 0.017544
1 0.633203 0.761696 0.017969 0.032164
1 0.401953 0.761696 0.039844 0.047758
1 0.037109 0.745614 0.022656 0.021442
1 0.355078 0.747076 0.032031 0.038012
1 0.462891 0.716374 0.008594 0.017544
1 0.303125 0.719298 0.010937 0.023392
1 0.099219 0.717349 0.010937 0.023392
1 0.267188 0.721735 0.035937 0.034113
1 0.909375 0.703704 0.015625 0.015595
1 0.712500 0.697856 0.046875 0.013645
1 0.184766 0.704678 0.055469 0.035088
1 0.982422 0.694444 0.035156 0.032164
1 0.315625 0.685185 0.009375 0.019493
1 0.014063 0.701754 0.028125 0.052632
1 0.856641 0.679337 0.011719 0.013645
1 0.583984 0.649123 0.017969 0.021442
1 0.241016 0.613548 0.021094 0.012671
1 0.962891 0.592105 0.014844 0.018519
1 0.810937 0.588207 0.012500 0.010721
1 0.040625 0.583821 0.015625 0.023392
1 0.986328 0.576023 0.027344 0.017544
1 0.937891 0.558480 0.011719 0.013645
1 0.567969 0.542398 0.032813 0.030214
1 0.005078 0.536550 0.010156 0.018519
1 0.231641 0.532164 0.011719 0.013645
1 0.740234 0.519006 0.025781 0.024366
1 0.301563 0.520955 0.053125 0.038012
1 0.687500 0.505361 0.014063 0.016569
1 0.512500 0.518519 0.048438 0.048733
1 0.042188 0.496101 0.018750 0.007797
1 0.189453 0.507310 0.011719 0.032164
1 0.010156 0.494639 0.020313 0.014620
1 0.150000 0.492690 0.028125 0.014620
1 0.914453 0.489766 0.008594 0.012671
1 0.625781 0.490741 0.009375 0.016569
1 0.533984 0.480507 0.050781 0.017544
1 0.967969 0.488791 0.050000 0.041910
1 0.119531 0.479045 0.025000 0.026316
1 0.791406 0.502437 0.092188 0.076998
1 0.486328 0.469298 0.016406 0.014620
1 0.918359 0.470273 0.017969 0.018519
1 0.044141 0.468811 0.041406 0.021442
1 0.895312 0.459552 0.023438 0.020468
1 0.131250 0.459552 0.031250 0.024366
1 0.096094 0.440546 0.017188 0.017544
1 0.687500 0.433723 0.053125 0.019493
1 0.335547 0.431287 0.028906 0.024366
1 0.316016 0.413743 0.008594 0.018519
1 0.656641 0.385478 0.025781 0.026316
1 0.229687 0.378655 0.023438 0.022417
1 0.542578 0.373294 0.025781 0.029240
1 0.949609 0.358187 0.010156 0.012671
1 0.884375 0.339669 0.034375 0.014620
1 0.333203 0.330897 0.011719 0.010721
1 0.068359 0.334795 0.022656 0.020468
1 0.993359 0.317251 0.013281 0.012671
1 0.841797 0.316764 0.022656 0.017544
1 0.522656 0.314815 0.064062 0.015595
1 0.275000 0.311404 0.010937 0.016569
1 0.842187 0.297271 0.020313 0.007797
1 0.141797 0.310429 0.060156 0.055556
1 0.660547 0.296784 0.032031 0.030214
1 0.888281 0.278265 0.017188 0.014620
1 0.812109 0.270955 0.032031 0.035088
1 0.457422 0.261209 0.032031 0.023392
1 0.988281 0.258772 0.023438 0.026316
1 0.962891 0.252924 0.019531 0.018519
1 0.563281 0.240741 0.029687 0.029240
1 0.402344 0.233918 0.031250 0.027290
1 0.140234 0.184211 0.019531 0.009747
1 0.938672 0.190546 0.053906 0.059454
1 0.156641 0.174951 0.013281 0.032164
1 0.061328 0.173977 0.011719 0.032164
1 0.738281 0.161793 0.037500 0.027290
1 0.359766 0.150585 0.035156 0.024366
1 0.221484 0.145224 0.014844 0.017544
1 0.258203 0.138402 0.014844 0.029240
1 0.195312 0.119396 0.010937 0.012671
1 0.026953 0.124269 0.024219 0.041910
1 0.526172 0.105750 0.010156 0.016569
1 0.902734 0.108187 0.027344 0.027290
1 0.856250 0.098441 0.018750 0.013645
1 0.465625 0.107700 0.029687 0.034113
1 0.748047 0.099903 0.036719 0.026316
1 0.433594 0.088207 0.009375 0.012671
1 0.262891 0.072612 0.014844 0.010721
1 0.814844 0.078460 0.025000 0.026316
1 0.991797 0.079435 0.016406 0.032164
1 0.635938 0.076023 0.035937 0.025341
1 0.907031 0.059454 0.026562 0.015595
1 0.087500 0.039961 0.023438 0.011696
1 0.521484 0.030214 0.067969 0.031189
1 0.950000 0.019981 0.015625 0.020468
1 0.703125 0.012183 0.020313 0.012671
1 0.852344 0.014133 0.023438 0.028265
1 0.103125 0.014620 0.009375 0.029240
1 0.086719 0.010234 0.010937 0.020468
1 0.055078 0.017544 0.033594 0.035088