1 0.923438 0.905458 0.021875 0.021442
1 0.404687 0.908382 0.017188 0.035088
1 0.494922 0.876218 0.016406 0.009747
1 0.651563 0.868908 0.029687 0.039961
1 0.185547 0.865010 0.017969 0.043860
1 0.122266 0.879630 0.094531 0.075049
1 0.439844 0.860624 0.015625 0.038986
1 0.026953 0.871345 0.053906 0.077973
1 0.839453 0.837719 0.074219 0.026316
1 0.012891 0.822125 0.013281 0.010721
1 0.207422 0.813353 0.021094 0.032164
1 0.932031 0.795322 0.015625 0.013645
1 0.347656 0.758285 0.015625 0.009747
1 0.992188 0.762183 0.015625 0.019493
1 0.512500 0.754386 0.029687 0.011696
1 0.680078 0.754386 0.014844 0.023392
1 0.632422 0.758772 0.025781 0.032164
1 0.601562 0.749025 0.014063 0.028265
1 0.010547 0.749513 0.021094 0.029240
1 0.286719 0.716374 0.017188 0.027290
1 0.082422 0.688596 0.046094 0.045809
1 0.566406 0.668616 0.010937 0.025341
1 0.981641 0.657895 0.036719 0.025341
1 0.800781 0.639376 0.010937 0.015595
1 0.649609 0.626706 0.027344 0.017544
1 0.451562 0.636452 0.037500 0.037037
1 0.368359 0.608674 0.007031 0.018519
1 0.105469 0.594542 0.020313 0.013645
1 0.604688 0.587719 0.051562 0.058480
1 0.723437 0.561891 0.012500 0.010721
1 0.077344 0.574561 0.048438 0.038012
1 0.705078 0.567739 0.011719 0.034113
1 0.366406 0.563840 0.009375 0.038012
1 0.326562 0.553606 0.015625 0.027290
1 0.254297 0.555068 0.027344 0.034113
1 0.132812 0.535575 0.018750 0.006823
1 0.883984 0.551657 0.042969 0.040936
1 0.768750 0.531189 0.020313 0.013645
1 0.182031 0.551170 0.087500 0.061404
1 0.008594 0.538499 0.017188 0.036062
1 0.796875 0.526803 0.028125 0.028265
1 0.518750 0.547271 0.078125 0.076998
1 0.819531 0.503411 0.015625 0.014620
1 0.973828 0.534113 0.052344 0.077973
1 0.069531 0.505361 0.032813 0.022417
1 0.699219 0.500975 0.018750 0.037037
1 0.151953 0.490741 0.050781 0.026316
1 0.888672 0.487817 0.016406 0.024366
1 0.578516 0.488791 0.033594 0.028265
1 0.533984 0.482943 0.047656 0.018519
1 0.478516 0.470760 0.027344 0.025341
1 0.443750 0.462963 0.023438 0.017544
1 0.937109 0.515107 0.102344 0.139376
1 0.264062 0.450292 0.010937 0.017544
1 0.673828 0.442982 0.008594 0.022417
1 0.423047 0.423977 0.013281 0.019493
1 0.809375 0.421540 0.104688 0.053606
1 0.219141 0.390351 0.083594 0.076998
1 0.751563 0.337719 0.039062 0.036062
1 0.494141 0.328460 0.016406 0.038986
1 0.084375 0.344542 0.073438 0.078947
1 0.408984 0.293860 0.038281 0.012671
1 0.570312 0.311404 0.046875 0.057505
1 0.438672 0.283138 0.039844 0.008772
1 0.899609 0.284113 0.030469 0.012671
1 0.924219 0.287037 0.015625 0.028265
1 0.334375 0.290448 0.021875 0.038986
1 0.355859 0.275341 0.019531 0.014620
1 0.873047 0.267057 0.008594 0.015595
1 0.292969 0.259259 0.026562 0.017544
1 0.234766 0.247076 0.027344 0.018519
1 0.017578 0.238791 0.016406 0.009747
1 0.036328 0.241228 0.011719 0.016569
1 0.571484 0.225634 0.041406 0.018519
1 0.654687 0.219298 0.026562 0.011696
1 0.541016 0.220273 0.016406 0.013645
1 0.504297 0.222222 0.044531 0.023392
1 0.138281 0.216374 0.025000 0.040936
1 0.706250 0.206140 0.015625 0.026316
1 0.932813 0.196881 0.015625 0.017544
1 0.086328 0.183236 0.014844 0.007797
1 0.762109 0.190058 0.057031 0.054581
1 0.172266 0.155945 0.011719 0.023392
1 0.985547 0.152047 0.028906 0.054581
1 0.516016 0.123782 0.033594 0.015595
1 0.438672 0.126706 0.071094 0.060429
1 0.044141 0.102827 0.019531 0.024366
1 0.382812 0.092105 0.012500 0.014620
1 0.710547 0.087719 0.027344 0.009747
1 0.605469 0.100877 0.057813 0.055556
1 0.069922 0.079922 0.019531 0.023392
1 0.343750 0.090643 0.051562 0.048733
1 0.794141 0.054094 0.013281 0.010721
1 0.981250 0.053119 0.010937 0.022417
1 0.429688 0.019981 0.012500 0.014620
1 0.878516 0.007797 0.016406 0.015595
1 0.496484 0.008285 0.016406 0.016569