1 0.054688 0.907407 0.015625 0.007797
1 0.169531 0.904971 0.021875 0.018519
1 0.579297 0.894737 0.022656 0.017544
1 0.783594 0.891326 0.043750 0.016569
1 0.683594 0.887914 0.028125 0.013645
1 0.727734 0.881092 0.044531 0.019493
1 0.232813 0.876706 0.020313 0.024366
1 0.816016 0.872807 0.014844 0.020468
1 0.398047 0.871345 0.033594 0.029240
1 0.116797 0.867934 0.058594 0.030214
1 0.667578 0.864522 0.041406 0.025341
1 0.526563 0.857212 0.017188 0.018519
1 0.167578 0.841618 0.046094 0.018519
1 0.496094 0.813353 0.035937 0.026316
1 0.941406 0.824074 0.029687 0.053606
1 0.248047 0.791910 0.035156 0.041910
1 0.869922 0.816277 0.092969 0.114035
1 0.971875 0.790448 0.026562 0.068226
1 0.054297 0.729045 0.022656 0.021442
1 0.696094 0.729532 0.031250 0.032164
1 0.680859 0.709064 0.017969 0.024366
1 0.517578 0.696394 0.027344 0.012671
1 0.076172 0.696881 0.019531 0.019493
1 0.176953 0.688596 0.017969 0.028265
1 0.131250 0.700292 0.070312 0.051657
1 0.360938 0.680799 0.029687 0.018519
1 0.330469 0.691520 0.142187 0.067251
1 0.652344 0.668616 0.007812 0.023392
1 0.514453 0.646199 0.011719 0.009747
1 0.995703 0.639864 0.008594 0.018519
1 0.237891 0.646199 0.035156 0.033138
1 0.087500 0.627680 0.025000 0.023392
1 0.387500 0.624756 0.042188 0.054581
1 0.151562 0.602827 0.101562 0.043860
1 0.631250 0.577485 0.026562 0.022417
1 0.867188 0.580409 0.031250 0.034113
1 0.706641 0.573099 0.017969 0.019493
1 0.033984 0.568713 0.022656 0.018519
1 0.920703 0.573587 0.033594 0.034113
1 0.545312 0.545809 0.085938 0.074074
1 0.257422 0.533626 0.149219 0.075049
1 0.759766 0.490253 0.032031 0.017544
1 0.950391 0.491715 0.032031 0.045809
1 0.050000 0.450292 0.014063 0.013645
1 0.813672 0.439571 0.011719 0.013645
1 0.019141 0.450780 0.038281 0.043860
1 0.698438 0.445906 0.064062 0.047758
1 0.925781 0.396199 0.020313 0.016569
1 0.778516 0.395712 0.014844 0.017544
1 0.614844 0.391813 0.014063 0.023392
1 0.272656 0.386940 0.035937 0.027290
1 0.028125 0.369396 0.028125 0.013645
1 0.893750 0.366959 0.023438 0.018519
1 0.823438 0.352339 0.026562 0.016569
1 0.383594 0.362086 0.028125 0.047758
1 0.866797 0.343080 0.008594 0.015595
1 0.449219 0.365497 0.078125 0.077973
1 0.160156 0.343080 0.084375 0.035088
1 0.239063 0.313840 0.015625 0.017544
1 0.082031 0.301657 0.006250 0.020468
1 0.528125 0.288012 0.014063 0.020468
1 0.471094 0.281189 0.012500 0.012671
1 0.007031 0.261209 0.014063 0.013645
1 0.442578 0.251949 0.013281 0.014620
1 0.424219 0.238791 0.015625 0.009747
1 0.860156 0.250000 0.040625 0.043860
1 0.585156 0.238791 0.028125 0.035088
1 0.320312 0.250000 0.087500 0.076998
1 0.703906 0.225634 0.057813 0.038012
1 0.105469 0.213450 0.035937 0.023392
1 0.810547 0.211014 0.052344 0.032164
1 0.945312 0.203216 0.018750 0.024366
1 0.219922 0.172515 0.060156 0.046784
1 0.719531 0.163255 0.070312 0.053606
1 0.646875 0.146199 0.018750 0.033138
1 0.873437 0.091131 0.012500 0.012671
1 0.409766 0.091131 0.025781 0.039961
1 0.518750 0.099903 0.076563 0.059454
1 0.908203 0.076511 0.027344 0.014620
1 0.110547 0.091618 0.064844 0.048733
1 0.842969 0.070663 0.029687 0.016569
1 0.813281 0.058967 0.020313 0.008772
1 0.408984 0.033138 0.010156 0.011696
1 0.645703 0.041423 0.013281 0.034113
1 0.245703 0.037037 0.047656 0.033138
1 0.192578 0.021442 0.010156 0.015595
1 0.333984 0.022904 0.028906 0.022417
1 0.973828 0.016082 0.013281 0.018519