1 0.234766 0.852827 0.022656 0.027290
1 0.859766 0.821637 0.030469 0.042885
1 0.210547 0.810916 0.025781 0.029240
1 0.561719 0.810916 0.020313 0.033138
1 0.848828 0.791910 0.016406 0.014620
1 0.513281 0.754873 0.017188 0.018519
1 0.791016 0.739279 0.017969 0.012671
1 0.144922 0.776803 0.088281 0.091618
1 0.360547 0.740741 0.016406 0.031189
1 0.087500 0.719298 0.060937 0.052632
1 0.742188 0.714425 0.076563 0.064327
1 0.219141 0.730507 0.063281 0.115984
1 0.123438 0.679337 0.012500 0.013645
1 0.466797 0.667154 0.014844 0.014620
1 0.025781 0.708577 0.051562 0.109162
1 0.242188 0.655458 0.021875 0.012671
1 0.533203 0.687135 0.082031 0.097466
1 0.432422 0.726121 0.149219 0.185185
1 0.977344 0.658869 0.045312 0.060429
1 0.832031 0.658382 0.039062 0.061404
1 0.062500 0.618908 0.023438 0.037037
1 0.425391 0.548733 0.016406 0.023392
1 0.043750 0.540936 0.057813 0.056530
1 0.049609 0.488791 0.013281 0.010721
1 0.017969 0.492690 0.035937 0.065302
1 0.329297 0.429825 0.044531 0.029240
1 0.039844 0.417641 0.021875 0.022417
1 0.676562 0.421053 0.029687 0.056530
1 0.393359 0.398635 0.017969 0.025341
1 0.961328 0.422027 0.077344 0.093567
1 0.249609 0.404971 0.135156 0.114035
1 0.548828 0.340643 0.036719 0.032164
1 0.032031 0.327485 0.043750 0.037037
1 0.665625 0.337232 0.121875 0.099415
1 0.291016 0.335283 0.155469 0.130604
1 0.375781 0.295322 0.032813 0.056530
1 0.932031 0.283138 0.040625 0.051657
1 0.971875 0.268031 0.014063 0.033138
1 0.481250 0.257310 0.020313 0.017544
1 0.905078 0.251462 0.011719 0.015595
1 0.295312 0.222710 0.018750 0.026316
1 0.382812 0.213938 0.040625 0.030214
1 0.934766 0.182749 0.022656 0.028265
1 0.402734 0.173489 0.027344 0.044834
1 0.032422 0.136452 0.064844 0.060429
1 0.796484 0.111598 0.025781 0.024366
1 0.232422 0.108187 0.013281 0.019493
1 0.113672 0.192008 0.227344 0.257310
1 0.230469 0.080409 0.045312 0.043860
1 0.820703 0.209064 0.199219 0.307018
1 0.283594 0.108187 0.150000 0.134503
1 0.128516 0.082846 0.049219 0.085770
1 0.645312 0.086257 0.076563 0.094542
1 0.881250 0.063840 0.057813 0.067251
1 0.965625 0.067251 0.068750 0.095517
1 0.583203 0.027290 0.017969 0.035088
1 0.671484 0.025341 0.035156 0.040936
1 0.824609 0.008285 0.016406 0.016569
1 0.763281 0.037524 0.075000 0.075049
1 0.549219 0.147173 0.362500 0.294347
1 0.309766 0.010234 0.014844 0.020468
1 0.130078 0.009259 0.058594 0.018519
1 0.047656 0.016082 0.085938 0.032164