1 0.344141 0.912281 0.010156 0.027290
1 0.150781 0.899610 0.012500 0.021442
1 0.439844 0.901072 0.020313 0.026316
1 0.301563 0.901559 0.031250 0.031189
1 0.495703 0.898635 0.044531 0.048733
1 0.057422 0.879630 0.014844 0.022417
1 0.179688 0.895712 0.034375 0.056530
1 0.973047 0.879630 0.030469 0.026316
1 0.282813 0.877193 0.012500 0.021442
1 0.759375 0.869396 0.010937 0.017544
1 0.390234 0.873294 0.021094 0.038986
1 0.501563 0.860624 0.028125 0.021442
1 0.025000 0.875731 0.050000 0.055556
1 0.410156 0.846491 0.012500 0.014620
1 0.558203 0.845029 0.049219 0.038986
1 0.732031 0.837719 0.039062 0.028265
1 0.596484 0.834308 0.019531 0.029240
1 0.887500 0.843567 0.171875 0.071150
1 0.959375 0.818226 0.023438 0.038012
1 0.741016 0.806530 0.011719 0.020468
1 0.673438 0.821637 0.032813 0.066277
1 0.991797 0.806043 0.016406 0.038986
1 0.201953 0.815789 0.127344 0.070175
1 0.276172 0.798246 0.039844 0.044834
1 0.741406 0.779727 0.009375 0.019493
1 0.101953 0.831871 0.064844 0.131579
1 0.389453 0.785575 0.202344 0.083821
1 0.950781 0.754386 0.025000 0.023392
1 0.893359 0.760721 0.049219 0.036062
1 0.810156 0.777778 0.062500 0.070175
1 0.275000 0.754873 0.035937 0.038012
1 0.005469 0.740253 0.010937 0.018519
1 0.229297 0.742203 0.017969 0.024366
1 0.051562 0.768031 0.067187 0.085770
1 0.267969 0.733918 0.015625 0.019493
1 0.498047 0.737817 0.014844 0.035088
1 0.394141 0.738304 0.024219 0.039961
1 0.744531 0.723197 0.025000 0.019493
1 0.298438 0.716374 0.012500 0.013645
1 0.670312 0.707602 0.010937 0.013645
1 0.172656 0.735867 0.084375 0.079922
1 0.574609 0.714912 0.064844 0.045809
1 0.937891 0.696881 0.008594 0.015595
1 0.875781 0.698343 0.010937 0.018519
1 0.987109 0.703704 0.025781 0.033138
1 0.703906 0.718811 0.035937 0.065302
1 0.331641 0.704191 0.036719 0.036062
1 0.515234 0.704191 0.033594 0.041910
1 0.404687 0.696394 0.031250 0.036062
1 0.268750 0.687622 0.017188 0.018519
1 0.180859 0.691033 0.022656 0.029240
1 0.226562 0.688596 0.015625 0.028265
1 0.086328 0.685185 0.027344 0.025341
1 0.621875 0.691520 0.031250 0.047758
1 0.774609 0.692982 0.035156 0.054581
1 0.728906 0.668129 0.018750 0.018519
1 0.982812 0.658382 0.010937 0.012671
1 0.753125 0.659844 0.020313 0.015595
1 0.819141 0.668129 0.038281 0.041910
1 0.138281 0.671053 0.054688 0.049708
1 0.202344 0.649610 0.023438 0.012671
1 0.920312 0.648635 0.020313 0.014620
1 0.690625 0.658869 0.035937 0.037037
1 0.550781 0.646199 0.020313 0.017544
1 0.897266 0.665205 0.032031 0.067251
1 0.307812 0.640351 0.010937 0.021442
1 0.324609 0.633041 0.010156 0.014620
1 0.792578 0.635965 0.019531 0.028265
1 0.432422 0.640351 0.028906 0.046784
1 0.837891 0.622320 0.017969 0.016569
1 0.233203 0.620370 0.008594 0.014620
1 0.383594 0.629630 0.042188 0.040936
1 0.735938 0.615984 0.018750 0.019493
1 0.905469 0.614522 0.039062 0.028265
1 0.486719 0.602339 0.020313 0.009747
1 0.087500 0.597953 0.009375 0.016569
1 0.127734 0.595517 0.017969 0.021442
1 0.343750 0.596004 0.014063 0.028265
1 0.667578 0.622807 0.092969 0.085770
1 0.969922 0.601365 0.028906 0.048733
1 0.019141 0.635478 0.038281 0.130604
1 0.465625 0.576511 0.028125 0.022417
1 0.770312 0.584795 0.034375 0.042885
1 0.050391 0.583821 0.035156 0.050682
1 0.948047 0.569688 0.035156 0.038012
1 0.598437 0.595517 0.053125 0.093567
1 0.118359 0.555068 0.013281 0.014620
1 0.825781 0.570175 0.050000 0.046784
1 0.382031 0.549708 0.010937 0.011696
1 0.287500 0.589181 0.053125 0.094542
1 0.440625 0.553606 0.020313 0.027290
1 0.185547 0.575049 0.064844 0.074074
1 0.752734 0.551657 0.042969 0.035088
1 0.482422 0.536550 0.042969 0.024366
1 0.793750 0.529240 0.009375 0.013645
1 0.694141 0.520468 0.013281 0.009747
1 0.214062 0.533138 0.037500 0.052632
1 0.928125 0.517057 0.018750 0.032164
1 0.543359 0.532164 0.046094 0.066277
1 0.765625 0.509259 0.017188 0.022417
1 0.812109 0.494639 0.008594 0.012671
1 0.979297 0.506335 0.041406 0.041910
1 0.311719 0.498051 0.018750 0.037037
1 0.374219 0.483431 0.010937 0.015595
1 0.357422 0.486842 0.013281 0.022417
1 0.914062 0.477583 0.015625 0.015595
1 0.335156 0.484893 0.023438 0.032164
1 0.110937 0.499025 0.081250 0.083821
1 0.967187 0.468811 0.032813 0.025341
1 0.150391 0.461014 0.011719 0.013645
1 0.417187 0.494639 0.054688 0.092593
1 0.640234 0.488791 0.100781 0.082846
1 0.330469 0.451754 0.012500 0.012671
1 0.808594 0.452729 0.010937 0.018519
1 0.030859 0.479532 0.053906 0.074074
1 0.720703 0.471248 0.058594 0.073099
1 0.684766 0.431774 0.049219 0.037037
1 0.278125 0.444444 0.071875 0.066277
1 0.938672 0.415205 0.019531 0.025341
1 0.915625 0.437135 0.064062 0.069201
1 0.741797 0.408869 0.022656 0.012671
1 0.397656 0.407407 0.014063 0.009747
1 0.818359 0.401072 0.014844 0.030214
1 0.857031 0.444932 0.043750 0.119883
1 0.446875 0.384503 0.010937 0.032164
1 0.197656 0.405945 0.065625 0.078947
1 0.097656 0.379630 0.025000 0.026316
1 0.260937 0.383528 0.093750 0.043860
1 0.013281 0.380604 0.026562 0.043860
1 0.599609 0.412281 0.199219 0.126706
1 0.498828 0.373294 0.074219 0.064327
1 0.835156 0.345517 0.012500 0.014620
1 0.889453 0.347953 0.021094 0.023392
1 0.610156 0.339669 0.018750 0.012671
1 0.766016 0.399123 0.069531 0.133528
1 0.356641 0.381579 0.063281 0.100390
1 0.955859 0.333821 0.032031 0.024366
1 0.646875 0.322612 0.014063 0.017544
1 0.117969 0.323587 0.009375 0.023392
1 0.820703 0.315302 0.021094 0.026316
1 0.016797 0.308967 0.013281 0.015595
1 0.420312 0.306043 0.015625 0.023392
1 0.245312 0.301657 0.025000 0.014620
1 0.475781 0.301657 0.023438 0.024366
1 0.051172 0.313840 0.035156 0.050682
1 0.630859 0.293372 0.011719 0.013645
1 0.086719 0.290448 0.050000 0.025341
1 0.698047 0.282164 0.025781 0.028265
1 0.119922 0.273879 0.014844 0.029240
1 0.799609 0.245614 0.016406 0.011696
1 0.894531 0.269981 0.087500 0.066277
1 0.989062 0.243177 0.021875 0.014620
1 0.496875 0.255848 0.051562 0.041910
1 0.173437 0.303606 0.087500 0.153021
1 0.173047 0.236355 0.010156 0.018519
1 0.767969 0.245127 0.037500 0.038012
1 0.455469 0.234893 0.014063 0.021442
1 0.276172 0.234893 0.010156 0.021442
1 0.271484 0.257797 0.117969 0.078947
1 0.435937 0.222710 0.007812 0.018519
1 0.695312 0.223197 0.026562 0.035088
1 0.148438 0.204678 0.017188 0.009747
1 0.625000 0.215887 0.045312 0.039961
1 0.244531 0.203216 0.012500 0.014620
1 0.080469 0.198343 0.021875 0.018519
1 0.026562 0.214912 0.053125 0.057505
1 0.124219 0.196881 0.020313 0.023392
1 0.495703 0.205166 0.030469 0.043860
1 0.471484 0.196394 0.014844 0.028265
1 0.558203 0.204191 0.086719 0.076998
1 0.719531 0.163255 0.012500 0.020468
1 0.589844 0.170565 0.029687 0.048733
1 0.903906 0.174951 0.035937 0.069201
1 0.265625 0.162281 0.039062 0.047758
1 0.839844 0.157407 0.050000 0.045809
1 0.036328 0.145224 0.019531 0.025341
1 0.408594 0.199318 0.090625 0.143275
1 0.147266 0.135965 0.046094 0.020468
1 0.082812 0.149123 0.050000 0.048733
1 0.334766 0.129630 0.016406 0.013645
1 0.930078 0.128168 0.014844 0.014620
1 0.215625 0.139864 0.053125 0.041910
1 0.986719 0.131092 0.026562 0.034113
1 0.752344 0.135478 0.025000 0.046784
1 0.607031 0.137427 0.020313 0.058480
1 0.964844 0.114522 0.014063 0.022417
1 0.299609 0.116959 0.025781 0.035088
1 0.864062 0.110624 0.021875 0.034113
1 0.226953 0.088694 0.013281 0.011696
1 0.664453 0.134503 0.097656 0.107212
1 0.450781 0.098928 0.018750 0.039961
1 0.980078 0.081871 0.008594 0.015595
1 0.758203 0.083821 0.011719 0.023392
1 0.498047 0.084795 0.010156 0.027290
1 0.525000 0.074074 0.009375 0.015595
1 0.928125 0.081384 0.017188 0.032164
1 0.425391 0.066277 0.014844 0.021442
1 0.085547 0.062378 0.010156 0.013645
1 0.959766 0.056043 0.028906 0.022417
1 0.471094 0.055556 0.012500 0.021442
1 0.637109 0.054094 0.016406 0.032164
1 0.021094 0.061404 0.042188 0.050682
1 0.287891 0.050195 0.028906 0.030214
1 0.818359 0.062865 0.047656 0.073099
1 0.723047 0.045809 0.021094 0.040936
1 0.119922 0.061404 0.038281 0.072125
1 0.328125 0.054581 0.035937 0.060429
1 0.418750 0.025828 0.014063 0.018519
1 0.473047 0.031189 0.078906 0.033138
1 0.206250 0.031676 0.026562 0.041910
1 0.773828 0.022904 0.030469 0.038012
1 0.958203 0.016082 0.032031 0.032164
1 0.866406 0.025341 0.067187 0.050682
1 0.685547 0.013645 0.025781 0.027290
1 0.576562 0.004873 0.025000 0.009747
1 0.322266 0.010234 0.019531 0.020468
1 0.267969 0.019981 0.070312 0.039961
1 0.050391 0.010721 0.010156 0.021442