1 0.051562 0.910819 0.015625 0.010721
1 0.457422 0.909844 0.010156 0.016569
1 0.178516 0.885478 0.032031 0.032164
1 0.421094 0.887427 0.101562 0.086745
1 0.052734 0.863060 0.085156 0.051657
1 0.684766 0.807505 0.024219 0.012671
1 0.342969 0.832846 0.096875 0.076998
1 0.926172 0.791910 0.013281 0.018519
1 0.655469 0.786062 0.017188 0.020468
1 0.991797 0.779727 0.016406 0.019493
1 0.344141 0.774854 0.022656 0.021442
1 0.097656 0.751462 0.045312 0.050682
1 0.990234 0.734405 0.010156 0.020468
1 0.273438 0.769981 0.075000 0.095517
1 0.284766 0.705653 0.027344 0.033138
1 0.397266 0.701267 0.146094 0.104288
1 0.071094 0.663255 0.060937 0.065302
1 0.482031 0.637427 0.050000 0.046784
1 0.639062 0.614522 0.018750 0.043860
1 0.830469 0.605263 0.035937 0.027290
1 0.566406 0.698830 0.171875 0.214425
1 0.991406 0.593567 0.017188 0.015595
1 0.442188 0.578947 0.020313 0.029240
1 0.341797 0.557505 0.011719 0.021442
1 0.601172 0.543372 0.036719 0.039961
1 0.048438 0.584795 0.096875 0.122807
1 0.382031 0.561891 0.096875 0.078947
1 0.564063 0.532164 0.025000 0.027290
1 0.335547 0.523879 0.014844 0.024366
1 0.009766 0.498051 0.019531 0.038986
1 0.851172 0.577485 0.282031 0.236842
1 0.938672 0.454191 0.017969 0.023392
1 0.198437 0.592105 0.181250 0.330409
1 0.133984 0.433723 0.011719 0.013645
1 0.774219 0.429337 0.023438 0.028265
1 0.203906 0.395224 0.089063 0.073099
1 0.963281 0.391326 0.073438 0.084795
1 0.834375 0.362086 0.043750 0.032164
1 0.518359 0.342105 0.014844 0.015595
1 0.141797 0.327973 0.050781 0.041910
1 0.155469 0.184698 0.020313 0.026316
1 0.254688 0.170078 0.025000 0.020468
1 0.218750 0.167154 0.042188 0.051657
1 0.605078 0.138889 0.035156 0.032164
1 0.416016 0.245127 0.297656 0.258285
1 0.912500 0.126218 0.021875 0.024366
1 0.272656 0.122807 0.034375 0.023392
1 0.797266 0.122320 0.102344 0.049708
1 0.062109 0.249513 0.124219 0.319688
1 0.255469 0.085283 0.034375 0.063353
1 0.444922 0.057505 0.010156 0.017544
1 0.600391 0.036550 0.017969 0.018519
1 0.888672 0.058967 0.153906 0.104288
1 0.850000 0.006823 0.026562 0.013645
1 0.789453 0.012183 0.024219 0.024366
1 0.561719 0.052632 0.045312 0.105263
1 0.476172 0.013645 0.022656 0.027290
1 0.398047 0.062378 0.107031 0.124756
1 0.252344 0.038012 0.143750 0.076023