1 0.568750 0.913743 0.015625 0.010721
1 0.028125 0.915692 0.012500 0.016569
1 0.060547 0.908869 0.016406 0.012671
1 0.281250 0.907407 0.023438 0.019493
1 0.398047 0.903509 0.022656 0.019493
1 0.232422 0.901559 0.019531 0.015595
1 0.985938 0.908382 0.028125 0.033138
1 0.151953 0.895224 0.017969 0.018519
1 0.020313 0.895224 0.040625 0.030214
1 0.417969 0.884016 0.010937 0.011696
1 0.262891 0.887914 0.014844 0.019493
1 0.059766 0.884990 0.013281 0.019493
1 0.110937 0.884990 0.018750 0.021442
1 0.992578 0.878655 0.014844 0.012671
1 0.171484 0.878168 0.008594 0.013645
1 0.328906 0.884503 0.035937 0.036062
1 0.601562 0.888889 0.028125 0.048733
1 0.795703 0.868908 0.010156 0.010721
1 0.523828 0.876706 0.011719 0.034113
1 0.228906 0.873294 0.029687 0.031189
1 0.199609 0.871345 0.011719 0.029240
1 0.497266 0.880604 0.036719 0.049708
1 0.366797 0.879630 0.024219 0.047758
1 0.455078 0.856725 0.024219 0.021442
1 0.672266 0.861598 0.039844 0.040936
1 0.408203 0.851852 0.011719 0.025341
1 0.988281 0.851852 0.023438 0.029240
1 0.296094 0.853314 0.035937 0.034113
1 0.339062 0.848441 0.023438 0.026316
1 0.261719 0.850390 0.017188 0.043860
1 0.455859 0.830409 0.017969 0.013645
1 0.147656 0.846004 0.062500 0.058480
1 0.552344 0.839669 0.062500 0.047758
1 0.619922 0.837232 0.058594 0.044834
1 0.930469 0.819688 0.018750 0.019493
1 0.212891 0.822612 0.041406 0.033138
1 0.380859 0.825536 0.044531 0.042885
1 0.020313 0.826511 0.040625 0.050682
1 0.795312 0.827973 0.032813 0.061404
1 0.288672 0.813840 0.032031 0.033138
1 0.442969 0.828947 0.109375 0.065302
1 0.950000 0.808967 0.014063 0.031189
1 0.005859 0.797271 0.011719 0.011696
1 0.985938 0.805556 0.028125 0.030214
1 0.583203 0.803606 0.024219 0.026316
1 0.627734 0.799708 0.022656 0.020468
1 0.519141 0.804581 0.013281 0.032164
1 0.171875 0.788986 0.010937 0.010721
1 0.754687 0.815789 0.045312 0.070175
1 0.405469 0.787037 0.023438 0.012671
1 0.316797 0.787524 0.010156 0.019493
1 0.856250 0.822125 0.089063 0.090643
1 0.050781 0.784113 0.018750 0.016569
1 0.674219 0.796784 0.060937 0.065302
1 0.960547 0.774366 0.027344 0.022417
1 0.619531 0.769493 0.012500 0.012671
1 0.098437 0.812378 0.121875 0.115984
1 0.116406 0.758772 0.021875 0.014620
1 0.500781 0.757310 0.020313 0.019493
1 0.739844 0.771930 0.059375 0.058480
1 0.169922 0.765595 0.058594 0.051657
1 0.932031 0.744152 0.017188 0.018519
1 0.221484 0.753411 0.028906 0.046784
1 0.419531 0.745614 0.045312 0.038986
1 0.199219 0.732943 0.018750 0.017544
1 0.989453 0.746101 0.021094 0.057505
1 0.891406 0.713938 0.014063 0.010721
1 0.066797 0.736355 0.128906 0.076998
1 0.039453 0.709064 0.032031 0.028265
1 0.431250 0.701754 0.012500 0.021442
1 0.133594 0.705653 0.026562 0.029240
1 0.995313 0.697368 0.009375 0.020468
1 0.760156 0.704678 0.043750 0.038986
1 0.228516 0.692008 0.011719 0.013645
1 0.942187 0.712476 0.081250 0.058480
1 0.383594 0.685185 0.012500 0.019493
1 0.319531 0.728558 0.150000 0.106238
1 0.630469 0.675926 0.017188 0.014620
1 0.863672 0.671540 0.011719 0.013645
1 0.178516 0.670078 0.033594 0.020468
1 0.519922 0.710039 0.158594 0.114035
1 0.693359 0.664717 0.022656 0.037037
1 0.657031 0.696394 0.175000 0.102339
1 0.661328 0.676901 0.030469 0.067251
1 0.718359 0.638402 0.016406 0.009747
1 0.182031 0.644737 0.017188 0.022417
1 0.973047 0.654971 0.042969 0.044834
1 0.407422 0.653509 0.035156 0.043860
1 0.317188 0.639376 0.018750 0.021442
1 0.754687 0.639376 0.010937 0.023392
1 0.002734 0.639864 0.005469 0.026316
1 0.257031 0.631579 0.018750 0.011696
1 0.909375 0.655945 0.068750 0.062378
1 0.299219 0.631579 0.012500 0.015595
1 0.623047 0.635965 0.053906 0.053606
1 0.116406 0.617446 0.021875 0.020468
1 0.263672 0.607700 0.035156 0.028265
1 0.215625 0.623294 0.051562 0.059454
1 0.081641 0.635478 0.108594 0.083821
1 0.348828 0.616472 0.038281 0.047758
1 0.083203 0.590156 0.013281 0.012671
1 0.394531 0.595517 0.020313 0.025341
1 0.371875 0.589181 0.010937 0.014620
1 0.788281 0.598928 0.028125 0.038012
1 0.523438 0.641326 0.110937 0.124756
1 0.677734 0.607700 0.024219 0.059454
1 0.283203 0.590643 0.021094 0.038986
1 0.025391 0.592105 0.050781 0.041910
1 0.158984 0.590643 0.019531 0.042885
1 0.454297 0.603314 0.032031 0.085770
1 0.105469 0.569201 0.014063 0.017544
1 0.868750 0.568226 0.021875 0.023392
1 0.142578 0.562865 0.017969 0.024366
1 0.728906 0.582359 0.068750 0.065302
1 0.008984 0.560916 0.017969 0.022417
1 0.980078 0.591618 0.039844 0.085770
1 0.578516 0.588207 0.058594 0.078947
1 0.401562 0.557018 0.018750 0.022417
1 0.164453 0.554581 0.013281 0.019493
1 0.324609 0.551170 0.044531 0.028265
1 0.909375 0.548733 0.017188 0.027290
1 0.358203 0.548246 0.014844 0.026316
1 0.650000 0.577485 0.081250 0.086745
1 0.143750 0.538499 0.014063 0.008772
1 0.041406 0.545322 0.037500 0.026316
1 0.211328 0.545809 0.021094 0.029240
1 0.381250 0.537037 0.020313 0.013645
1 0.574219 0.536062 0.010937 0.013645
1 0.421875 0.542885 0.014063 0.029240
1 0.078906 0.543860 0.034375 0.037037
1 0.924219 0.534113 0.020313 0.019493
1 0.516797 0.529727 0.019531 0.026316
1 0.256641 0.540448 0.049219 0.047758
1 0.300000 0.523392 0.014063 0.015595
1 0.483203 0.539961 0.041406 0.054581
1 0.651953 0.519006 0.019531 0.018519
1 0.150391 0.507797 0.017969 0.015595
1 0.104297 0.515107 0.028906 0.036062
1 0.025000 0.509259 0.028125 0.028265
1 0.311719 0.500000 0.012500 0.013645
1 0.063672 0.497563 0.014844 0.020468
1 0.669922 0.492690 0.022656 0.014620
1 0.273047 0.499025 0.033594 0.031189
1 0.802734 0.538986 0.116406 0.113060
1 0.365234 0.485867 0.010156 0.014620
1 0.329297 0.487329 0.022656 0.021442
1 0.285938 0.478070 0.010937 0.010721
1 0.715234 0.500000 0.046094 0.060429
1 0.024219 0.478070 0.010937 0.016569
1 0.355078 0.471735 0.011719 0.021442
1 0.116406 0.480019 0.018750 0.039961
1 0.882812 0.468811 0.015625 0.023392
1 0.779297 0.468324 0.014844 0.024366
1 0.713281 0.465400 0.017188 0.020468
1 0.005469 0.463938 0.010937 0.019493
1 0.758203 0.481481 0.039844 0.064327
1 0.852344 0.485867 0.068750 0.075049
1 0.185938 0.477583 0.068750 0.076023
1 0.141016 0.445419 0.024219 0.017544
1 0.121875 0.445419 0.010937 0.017544
1 0.425781 0.475146 0.107813 0.082846
1 0.533203 0.486355 0.072656 0.109162
1 0.630078 0.473197 0.119531 0.086745
1 0.194531 0.427388 0.009375 0.016569
1 0.976172 0.424951 0.017969 0.017544
1 0.094922 0.428363 0.039844 0.026316
1 0.552344 0.423977 0.031250 0.021442
1 0.437891 0.430312 0.053906 0.051657
1 0.128906 0.409844 0.006250 0.018519
1 0.885547 0.453704 0.228906 0.115984
1 0.667969 0.404483 0.015625 0.017544
1 0.183594 0.404971 0.020313 0.018519
1 0.724219 0.419103 0.090625 0.054581
1 0.989844 0.404971 0.020313 0.034113
1 0.900391 0.389376 0.016406 0.014620
1 0.496484 0.391326 0.010156 0.020468
1 0.014844 0.403509 0.029687 0.046784
1 0.273438 0.397173 0.075000 0.039961
1 0.876172 0.380604 0.014844 0.018519
1 0.515234 0.383528 0.014844 0.028265
1 0.056250 0.406920 0.056250 0.075049
1 0.759766 0.381092 0.014844 0.029240
1 0.700000 0.369883 0.015625 0.018519
1 0.596875 0.394737 0.051562 0.072125
1 0.942187 0.402047 0.059375 0.088694
1 0.663672 0.362573 0.021094 0.015595
1 0.805859 0.361598 0.032031 0.015595
1 0.050391 0.360624 0.013281 0.019493
1 0.294141 0.359162 0.016406 0.018519
1 0.320703 0.401072 0.200781 0.117934
1 0.548828 0.371832 0.044531 0.069201
1 0.439453 0.355750 0.041406 0.037037
1 0.392969 0.346979 0.010937 0.021442
1 0.618750 0.341131 0.015625 0.013645
1 0.329297 0.349415 0.030469 0.034113
1 0.646094 0.339669 0.021875 0.020468
1 0.986328 0.356725 0.027344 0.056530
1 0.833594 0.340643 0.023438 0.032164
1 0.859375 0.339669 0.020313 0.041910
1 0.943750 0.339669 0.037500 0.043860
1 0.576953 0.327973 0.027344 0.028265
1 0.393359 0.320663 0.017969 0.013645
1 0.170313 0.313840 0.009375 0.017544
1 0.897266 0.339669 0.046094 0.078947
1 0.552344 0.305068 0.021875 0.019493
1 0.025000 0.318226 0.018750 0.045809
1 0.066406 0.313840 0.042188 0.054581
1 0.950781 0.318226 0.054688 0.069201
1 0.775000 0.320175 0.098437 0.073099
1 0.682422 0.316277 0.039844 0.065302
1 0.814453 0.288986 0.016406 0.012671
1 0.259375 0.293372 0.012500 0.021442
1 0.883203 0.289474 0.014844 0.015595
1 0.861719 0.290936 0.012500 0.020468
1 0.841797 0.288986 0.017969 0.020468
1 0.177344 0.288012 0.010937 0.020468
1 0.615234 0.300195 0.064844 0.048733
1 0.460156 0.323587 0.090625 0.103314
1 0.541797 0.295809 0.066406 0.051657
1 0.466406 0.273392 0.025000 0.020468
1 0.014453 0.264620 0.013281 0.010721
1 0.720703 0.268031 0.019531 0.021442
1 0.891797 0.266082 0.017969 0.023392
1 0.410938 0.256335 0.028125 0.015595
1 0.130469 0.313353 0.092188 0.129630
1 0.985938 0.260721 0.028125 0.049708
1 0.777734 0.261696 0.047656 0.053606
1 0.505859 0.255848 0.033594 0.043860
1 0.861328 0.242690 0.013281 0.023392
1 0.717578 0.236842 0.019531 0.031189
1 0.698047 0.215400 0.019531 0.015595
1 0.825781 0.234893 0.039062 0.056530
1 0.764844 0.217349 0.017188 0.021442
1 0.635938 0.243665 0.120313 0.076023
1 0.500000 0.211501 0.012500 0.013645
1 0.462891 0.238304 0.053906 0.067251
1 0.164453 0.215887 0.030469 0.026316
1 0.987891 0.209064 0.016406 0.018519
1 0.215234 0.239279 0.064844 0.078947
1 0.939453 0.236355 0.066406 0.078947
1 0.270313 0.212963 0.050000 0.036062
1 0.564453 0.228558 0.057031 0.073099
1 0.384375 0.210526 0.040625 0.038986
1 0.902344 0.210526 0.039062 0.052632
1 0.005078 0.191520 0.010156 0.018519
1 0.789844 0.204678 0.043750 0.046784
1 0.401172 0.192008 0.030469 0.031189
1 0.742188 0.198830 0.042188 0.052632
1 0.854688 0.184211 0.032813 0.033138
1 0.194531 0.186160 0.031250 0.044834
1 0.371094 0.175926 0.021875 0.026316
1 0.610938 0.167641 0.010937 0.017544
1 0.881641 0.159844 0.016406 0.007797
1 0.437891 0.167641 0.021094 0.025341
1 0.800781 0.160819 0.014063 0.013645
1 0.116016 0.157407 0.021094 0.012671
1 0.983594 0.157895 0.014063 0.015595
1 0.529297 0.170565 0.082031 0.040936
1 0.261328 0.172027 0.050781 0.045809
1 0.725391 0.157407 0.036719 0.026316
1 0.326562 0.192495 0.060937 0.104288
1 0.574609 0.148635 0.035156 0.018519
1 0.761719 0.149610 0.048438 0.039961
1 0.604688 0.138402 0.017188 0.019493
1 0.383594 0.140838 0.025000 0.036062
1 0.352344 0.122807 0.017188 0.021442
1 0.870313 0.117934 0.029687 0.025341
1 0.675000 0.153509 0.054688 0.100390
1 0.935156 0.145224 0.114062 0.085770
1 0.801953 0.115984 0.024219 0.029240
1 0.098437 0.198830 0.137500 0.194932
1 0.213281 0.124756 0.053125 0.054581
1 0.906250 0.104288 0.014063 0.023392
1 0.497266 0.131579 0.067969 0.089669
1 0.618750 0.092593 0.012500 0.013645
1 0.442578 0.118908 0.075781 0.087719
1 0.064062 0.134990 0.128125 0.119883
1 0.400781 0.094055 0.017188 0.041910
1 0.319141 0.108187 0.102344 0.076023
1 0.918750 0.081384 0.028125 0.032164
1 0.562891 0.093567 0.028906 0.056530
1 0.532813 0.080897 0.026562 0.035088
1 0.848047 0.091131 0.052344 0.063353
1 0.893359 0.056043 0.013281 0.012671
1 0.299219 0.061404 0.023438 0.025341
1 0.484766 0.061404 0.027344 0.033138
1 0.967969 0.069688 0.064062 0.053606
1 0.405859 0.051657 0.013281 0.021442
1 0.448047 0.041423 0.013281 0.010721
1 0.562500 0.041910 0.029687 0.019493
1 0.625000 0.042398 0.025000 0.024366
1 0.601172 0.056043 0.044531 0.051657
1 0.248047 0.055556 0.025781 0.050682
1 0.233984 0.040936 0.010156 0.021442
1 0.797656 0.056043 0.076563 0.053606
1 0.828516 0.033626 0.010156 0.014620
1 0.719531 0.027290 0.012500 0.015595
1 0.988281 0.020468 0.023438 0.040936
1 0.943750 0.021442 0.056250 0.042885
1 0.880078 0.008772 0.025781 0.017544
1 0.853516 0.019006 0.028906 0.038012
1 0.794531 0.012183 0.025000 0.024366
1 0.686328 0.066764 0.153906 0.133528
1 0.554688 0.010721 0.029687 0.021442
1 0.510547 0.025828 0.064844 0.051657
1 0.463281 0.009747 0.014063 0.019493
1 0.418359 0.025341 0.060156 0.050682
1 0.321875 0.036550 0.140625 0.073099
1 0.146875 0.048246 0.145313 0.096491
1 0.087891 0.013645 0.011719 0.027290
1 0.035937 0.052144 0.071875 0.104288