1 0.110547 0.737329 0.011719 0.020468
1 0.375391 0.702729 0.022656 0.031189
1 0.396094 0.677388 0.023438 0.009747
1 0.597266 0.678850 0.061719 0.080897
1 0.546094 0.625244 0.034375 0.036062
1 0.680469 0.614035 0.028125 0.031189
1 0.602734 0.588694 0.008594 0.017544
1 0.895312 0.614522 0.057813 0.086745
1 0.205859 0.563840 0.021094 0.014620
1 0.068359 0.549220 0.022656 0.028265
1 0.537891 0.570663 0.086719 0.076998
1 0.136328 0.570175 0.057031 0.085770
1 0.643359 0.528265 0.027344 0.050682
1 0.606250 0.517057 0.026562 0.051657
1 0.732031 0.422027 0.018750 0.011696
1 0.374609 0.425926 0.030469 0.025341
1 0.285156 0.424464 0.107813 0.112086
1 0.635156 0.406433 0.182812 0.130604
1 0.035156 0.343567 0.010937 0.016569
1 0.082812 0.349903 0.045312 0.056530
1 0.962109 0.373782 0.075781 0.131579
1 0.496875 0.290936 0.015625 0.022417
1 0.716016 0.268519 0.028906 0.024366
1 0.723828 0.242203 0.011719 0.018519
1 0.968359 0.278752 0.063281 0.101365
1 0.464453 0.230507 0.013281 0.010721
1 0.345703 0.213938 0.021094 0.028265
1 0.483594 0.208577 0.018750 0.029240
1 0.954688 0.203216 0.043750 0.038012
1 0.600000 0.278752 0.196875 0.237817
1 0.558594 0.147173 0.023438 0.017544
1 0.989062 0.132066 0.021875 0.049708
1 0.310937 0.101365 0.012500 0.009747
1 0.323437 0.076998 0.025000 0.019493
1 0.578516 0.022417 0.032031 0.029240
1 0.814844 0.094055 0.359375 0.188109
1 0.431641 0.204191 0.227344 0.408382
1 0.168359 0.013645 0.042969 0.027290
1 0.146094 0.151559 0.292187 0.303119