1 0.670312 0.911306 0.010937 0.015595
1 0.346484 0.911306 0.021094 0.021442
1 0.749219 0.896199 0.010937 0.014620
1 0.617969 0.900585 0.015625 0.027290
1 0.244531 0.900097 0.021875 0.026316
1 0.412109 0.896199 0.014844 0.024366
1 0.185547 0.887427 0.014844 0.014620
1 0.932813 0.888889 0.039062 0.042885
1 0.521875 0.878655 0.014063 0.028265
1 0.433594 0.869396 0.017188 0.013645
1 0.980469 0.873782 0.039062 0.032164
1 0.852734 0.871832 0.080469 0.080897
1 0.578516 0.847953 0.042969 0.035088
1 0.458203 0.835283 0.025781 0.027290
1 0.905859 0.820175 0.016406 0.020468
1 0.110156 0.829922 0.059375 0.063353
1 0.319141 0.779240 0.030469 0.014620
1 0.283984 0.825536 0.174219 0.116959
1 0.947656 0.788499 0.042188 0.044834
1 0.524219 0.774366 0.026562 0.024366
1 0.986719 0.762671 0.026562 0.032164
1 0.451172 0.757797 0.047656 0.024366
1 0.296875 0.740253 0.020313 0.020468
1 0.214844 0.728558 0.045312 0.028265
1 0.478906 0.730507 0.021875 0.034113
1 0.162109 0.748538 0.033594 0.076023
1 0.404687 0.706140 0.054688 0.049708
1 0.614062 0.674464 0.010937 0.013645
1 0.852344 0.679825 0.037500 0.028265
1 0.356641 0.662281 0.042969 0.047758
1 0.241016 0.651559 0.025781 0.030214
1 0.883203 0.650097 0.016406 0.029240
1 0.143359 0.635478 0.027344 0.015595
1 0.170703 0.636452 0.016406 0.019493
1 0.967969 0.660819 0.064062 0.083821
1 0.367188 0.622807 0.015625 0.017544
1 0.010547 0.607700 0.021094 0.012671
1 0.442969 0.619396 0.095312 0.063353
1 0.994922 0.588207 0.010156 0.012671
1 0.865625 0.595517 0.031250 0.031189
1 0.224609 0.592105 0.038281 0.041910
1 0.053516 0.577485 0.019531 0.022417
1 0.498828 0.576998 0.032031 0.029240
1 0.603516 0.565302 0.013281 0.019493
1 0.010547 0.559454 0.021094 0.013645
1 0.563672 0.616959 0.096094 0.138402
1 0.730469 0.555068 0.023438 0.016569
1 0.844922 0.549220 0.024219 0.018519
1 0.411719 0.533138 0.021875 0.035088
1 0.444531 0.525828 0.029687 0.024366
1 0.103125 0.549220 0.062500 0.082846
1 0.575391 0.512671 0.019531 0.025341
1 0.553906 0.505848 0.012500 0.013645
1 0.401562 0.500487 0.007812 0.016569
1 0.178906 0.529240 0.123438 0.105263
1 0.178516 0.484893 0.011719 0.028265
1 0.918359 0.517544 0.119531 0.111111
1 0.990234 0.467349 0.019531 0.022417
1 0.851953 0.460039 0.013281 0.023392
1 0.133203 0.461501 0.052344 0.043860
1 0.944141 0.426901 0.111719 0.060429
1 0.890625 0.403996 0.014063 0.022417
1 0.314844 0.411793 0.046875 0.041910
1 0.732422 0.392300 0.027344 0.020468
1 0.839453 0.406433 0.089844 0.068226
1 0.271094 0.370370 0.032813 0.027290
1 0.940234 0.354776 0.086719 0.058480
1 0.972266 0.303606 0.055469 0.073099
1 0.322656 0.263645 0.023438 0.032164
1 0.424609 0.268031 0.032031 0.048733
1 0.574609 0.242690 0.013281 0.015595
1 0.966797 0.236355 0.066406 0.036062
1 0.705078 0.231969 0.057031 0.029240
1 0.461328 0.214912 0.022656 0.036062
1 0.812109 0.197368 0.016406 0.012671
1 0.075391 0.200292 0.019531 0.018519
1 0.345313 0.208090 0.015625 0.039961
1 0.913281 0.191520 0.015625 0.020468
1 0.981250 0.182261 0.014063 0.019493
1 0.753516 0.196394 0.071094 0.055556
1 0.803906 0.170078 0.018750 0.008772
1 0.550391 0.189084 0.028906 0.060429
1 0.070703 0.161306 0.010156 0.010721
1 0.490625 0.156433 0.017188 0.026316
1 0.375781 0.154971 0.042188 0.025341
1 0.319922 0.168129 0.046094 0.063353
1 0.430078 0.155458 0.049219 0.053606
1 0.739062 0.138402 0.048438 0.038986
1 0.175781 0.131092 0.017188 0.026316
1 0.927734 0.123294 0.011719 0.014620
1 0.873828 0.118908 0.057031 0.062378
1 0.979688 0.064327 0.040625 0.021442
1 0.390234 0.023392 0.032031 0.040936
1 0.983203 0.019493 0.033594 0.038986
1 0.854688 0.021442 0.070312 0.042885
1 0.724219 0.004873 0.032813 0.009747
1 0.691016 0.017544 0.027344 0.035088
1 0.609375 0.019981 0.078125 0.039961
1 0.474609 0.060429 0.130469 0.120858
1 0.451562 0.007310 0.031250 0.014620
1 0.346484 0.009747 0.011719 0.019493
1 0.259375 0.048733 0.139063 0.097466
1 0.030078 0.022904 0.022656 0.045809