1 0.091016 0.906433 0.028906 0.025341
1 0.818359 0.907407 0.024219 0.029240
1 0.717187 0.891326 0.014063 0.014620
1 0.774219 0.884016 0.018750 0.033138
1 0.150781 0.873782 0.010937 0.014620
1 0.871094 0.885965 0.032813 0.042885
1 0.423047 0.870858 0.021094 0.014620
1 0.183984 0.883041 0.032031 0.042885
1 0.343359 0.869396 0.016406 0.025341
1 0.676953 0.865497 0.028906 0.033138
1 0.635547 0.841131 0.028906 0.025341
1 0.402344 0.825536 0.010937 0.017544
1 0.995313 0.811404 0.009375 0.012671
1 0.800391 0.810916 0.017969 0.029240
1 0.013281 0.821150 0.026562 0.049708
1 0.062891 0.848441 0.125781 0.143275
1 0.234766 0.787037 0.036719 0.022417
1 0.299609 0.798246 0.025781 0.048733
1 0.885156 0.784113 0.010937 0.022417
1 0.917969 0.802632 0.040625 0.063353
1 0.402734 0.777778 0.021094 0.033138
1 0.528516 0.803119 0.064844 0.087719
1 0.464062 0.765107 0.023438 0.017544
1 0.040625 0.749513 0.009375 0.013645
1 0.320312 0.750975 0.025000 0.024366
1 0.173047 0.756335 0.038281 0.042885
1 0.582422 0.771442 0.035156 0.082846
1 0.611719 0.737817 0.021875 0.019493
1 0.772656 0.753411 0.043750 0.052632
1 0.205078 0.741228 0.046094 0.032164
1 0.971875 0.750487 0.050000 0.060429
1 0.738672 0.737329 0.014844 0.039961
1 0.823047 0.711501 0.019531 0.011696
1 0.132031 0.709064 0.010937 0.024366
1 0.599609 0.678363 0.019531 0.015595
1 0.014453 0.677875 0.014844 0.014620
1 0.388281 0.662281 0.018750 0.016569
1 0.635938 0.661306 0.009375 0.016569
1 0.883984 0.692008 0.163281 0.091618
1 0.190234 0.642788 0.010156 0.016569
1 0.816406 0.641326 0.015625 0.017544
1 0.273438 0.623782 0.028125 0.042885
1 0.637891 0.597466 0.011719 0.009747
1 0.590234 0.589669 0.008594 0.015595
1 0.681641 0.602339 0.046094 0.072125
1 0.877734 0.579922 0.013281 0.033138
1 0.546094 0.582359 0.073438 0.067251
1 0.632422 0.539961 0.019531 0.009747
1 0.135937 0.537037 0.020313 0.023392
1 0.805469 0.538012 0.037500 0.052632
1 0.985547 0.524854 0.028906 0.039961
1 0.858984 0.506823 0.021094 0.025341
1 0.698828 0.499513 0.016406 0.014620
1 0.049219 0.550682 0.098437 0.148148
1 0.113672 0.483431 0.019531 0.023392
1 0.844922 0.481969 0.010156 0.028265
1 0.794141 0.472710 0.016406 0.029240
1 0.196875 0.520955 0.150000 0.127680
1 0.866016 0.465887 0.035156 0.035088
1 0.338672 0.455653 0.008594 0.032164
1 0.830469 0.447368 0.020313 0.017544
1 0.476562 0.436160 0.020313 0.020468
1 0.223438 0.424464 0.017188 0.018519
1 0.787109 0.410819 0.050781 0.030214
1 0.303906 0.400097 0.021875 0.016569
1 0.833594 0.398148 0.012500 0.014620
1 0.735156 0.400585 0.015625 0.019493
1 0.038672 0.421053 0.077344 0.099415
1 0.762891 0.365984 0.017969 0.024366
1 0.392969 0.365984 0.017188 0.024366
1 0.680078 0.343080 0.036719 0.050682
1 0.626563 0.322125 0.012500 0.026316
1 0.155469 0.330409 0.034375 0.044834
1 0.452734 0.315789 0.007031 0.017544
1 0.788672 0.300195 0.033594 0.033138
1 0.183984 0.293372 0.010156 0.019493
1 0.728906 0.288499 0.031250 0.027290
1 0.533203 0.299220 0.074219 0.058480
1 0.066406 0.281189 0.039062 0.024366
1 0.390234 0.305556 0.080469 0.075049
1 0.913281 0.271930 0.021875 0.046784
1 0.644141 0.276803 0.033594 0.060429
1 0.745703 0.258285 0.010156 0.027290
1 0.357812 0.244639 0.007812 0.017544
1 0.685156 0.238304 0.021875 0.028265
1 0.226172 0.229045 0.033594 0.025341
1 0.918359 0.227583 0.014844 0.024366
1 0.868750 0.246589 0.045312 0.066277
1 0.626953 0.222710 0.014844 0.020468
1 0.387109 0.214425 0.014844 0.017544
1 0.813672 0.215887 0.019531 0.024366
1 0.476172 0.199318 0.014844 0.018519
1 0.745703 0.202729 0.019531 0.027290
1 0.642188 0.181774 0.012500 0.014620
1 0.283984 0.177875 0.014844 0.012671
1 0.223047 0.170078 0.008594 0.016569
1 0.051562 0.179337 0.018750 0.035088
1 0.541016 0.169103 0.038281 0.043860
1 0.091016 0.164717 0.046094 0.044834
1 0.717969 0.129630 0.026562 0.038986
1 0.319141 0.122807 0.032031 0.052632
1 0.250781 0.098928 0.020313 0.022417
1 0.175781 0.157895 0.071875 0.140351
1 0.022266 0.112086 0.044531 0.052632
1 0.054297 0.095029 0.014844 0.034113
1 0.418359 0.114522 0.135156 0.084795
1 0.886328 0.085283 0.035156 0.043860
1 0.774219 0.134990 0.078125 0.149123
1 0.586719 0.076023 0.023438 0.033138
1 0.344922 0.078460 0.025781 0.059454
1 0.861719 0.065302 0.031250 0.040936
1 0.098437 0.052144 0.015625 0.020468
1 0.235937 0.060916 0.082812 0.047758
1 0.904687 0.044347 0.015625 0.034113
1 0.835156 0.035088 0.017188 0.019493
1 0.364063 0.034600 0.017188 0.018519
1 0.054688 0.042398 0.039062 0.053606
1 0.751953 0.025341 0.027344 0.038986
1 0.960156 0.035575 0.079687 0.071150
1 0.875781 0.005361 0.029687 0.010721
1 0.576953 0.008772 0.014844 0.017544
1 0.511719 0.012671 0.025000 0.025341
1 0.467969 0.007797 0.032813 0.015595
1 0.371484 0.456140 0.042969 0.048733
1 0.244531 0.881579 0.012500 0.026316
1 0.616797 0.904483 0.033594 0.050682
1 0.547656 0.920565 0.046875 0.010721
1 0.367578 0.913255 0.038281 0.035088
1 0.186719 0.392300 0.035937 0.036062
1 0.452734 0.380117 0.053906 0.042885