1 0.444141 0.915692 0.044531 0.024366
1 0.697266 0.903021 0.010156 0.016569
1 0.232813 0.894737 0.037500 0.038986
1 0.669922 0.876218 0.035156 0.031189
1 0.145313 0.863060 0.017188 0.020468
1 0.859766 0.874269 0.019531 0.060429
1 0.405469 0.841131 0.017188 0.015595
1 0.986328 0.833333 0.027344 0.019493
1 0.276172 0.828460 0.014844 0.011696
1 0.487109 0.794834 0.010156 0.016569
1 0.807031 0.796296 0.018750 0.029240
1 0.977344 0.796296 0.045312 0.033138
1 0.651563 0.785088 0.031250 0.026316
1 0.334375 0.761209 0.031250 0.027290
1 0.199219 0.752437 0.007812 0.015595
1 0.016016 0.751949 0.016406 0.016569
1 0.707422 0.757310 0.019531 0.031189
1 0.574219 0.742690 0.018750 0.033138
1 0.037109 0.731481 0.014844 0.028265
1 0.977344 0.729045 0.025000 0.029240
1 0.667578 0.688596 0.025781 0.030214
1 0.163672 0.708577 0.053906 0.074074
1 0.485156 0.674951 0.026562 0.014620
1 0.710547 0.661793 0.013281 0.011696
1 0.637109 0.652534 0.014844 0.028265
1 0.844141 0.635478 0.021094 0.013645
1 0.910547 0.633528 0.008594 0.017544
1 0.773438 0.672515 0.071875 0.105263
1 0.253125 0.629142 0.010937 0.018519
1 0.919141 0.610136 0.011719 0.017544
1 0.568359 0.644250 0.116406 0.099415
1 0.700781 0.575049 0.031250 0.023392
1 0.257422 0.566277 0.017969 0.011696
1 0.401172 0.566277 0.011719 0.031189
1 0.956641 0.573587 0.066406 0.086745
1 0.893750 0.514620 0.014063 0.021442
1 0.796875 0.514620 0.028125 0.025341
1 0.884375 0.491228 0.018750 0.019493
1 0.864062 0.482456 0.012500 0.019493
1 0.943359 0.475634 0.024219 0.046784
1 0.014063 0.442982 0.028125 0.018519
1 0.989844 0.434211 0.020313 0.014620
1 0.465625 0.423002 0.032813 0.031189
1 0.255859 0.439084 0.038281 0.084795
1 0.642578 0.390838 0.024219 0.013645
1 0.085938 0.401072 0.028125 0.034113
1 0.807422 0.393762 0.014844 0.025341
1 0.413281 0.422515 0.070312 0.082846
1 0.930469 0.384016 0.071875 0.046784
1 0.035156 0.366472 0.015625 0.019493
1 0.856250 0.378655 0.039062 0.049708
1 0.207422 0.367934 0.035156 0.028265
1 0.338281 0.317739 0.029687 0.035088
1 0.896875 0.316764 0.028125 0.037037
1 0.088672 0.307018 0.019531 0.017544
1 0.325000 0.252924 0.012500 0.012671
1 0.776563 0.282651 0.054688 0.077973
1 0.005469 0.266569 0.010937 0.049708
1 0.067969 0.244152 0.026562 0.012671
1 0.029297 0.242203 0.013281 0.014620
1 0.430859 0.243665 0.021094 0.023392
1 0.692578 0.251462 0.021094 0.040936
1 0.030078 0.210039 0.027344 0.043860
1 0.933203 0.212963 0.046094 0.059454
1 0.551953 0.213938 0.114844 0.094542
1 0.318359 0.221248 0.166406 0.120858
1 0.717187 0.184211 0.050000 0.093567
1 0.014453 0.152534 0.028906 0.032164
1 0.869531 0.177388 0.090625 0.089669
1 0.288672 0.132066 0.014844 0.024366
1 0.776172 0.124269 0.039844 0.041910
1 0.090625 0.111598 0.053125 0.043860
1 0.690625 0.102339 0.023438 0.033138
1 0.331250 0.089181 0.026562 0.032164
1 0.971484 0.091131 0.030469 0.038012
1 0.109375 0.064815 0.010937 0.020468
1 0.457422 0.066764 0.039844 0.028265
1 0.868359 0.070175 0.032031 0.046784
1 0.293359 0.047271 0.021094 0.026316
1 0.967578 0.038986 0.008594 0.017544
1 0.713672 0.040448 0.019531 0.020468
1 0.176563 0.035575 0.028125 0.034113
1 0.087109 0.021930 0.014844 0.038012
1 0.949219 0.040448 0.023438 0.080897
1 0.896484 0.023879 0.036719 0.047758
1 0.786719 0.008285 0.023438 0.016569
1 0.559375 0.027290 0.075000 0.054581
1 0.322266 0.009747 0.016406 0.019493
1 0.021484 0.055068 0.042969 0.110136
1 0.435547 0.112573 0.021094 0.034113
1 0.303516 0.444932 0.042969 0.098441
1 0.104297 0.602339 0.041406 0.054581
1 0.086719 0.861598 0.032813 0.033138
1 0.616406 0.882554 0.042188 0.080897