1 0.067969 0.913255 0.018750 0.013645
1 0.694141 0.911793 0.019531 0.016569
1 0.472266 0.914230 0.030469 0.021442
1 0.346484 0.906920 0.010156 0.010721
1 0.836719 0.907895 0.010937 0.014620
1 0.658594 0.906433 0.020313 0.015595
1 0.765234 0.902534 0.011719 0.013645
1 0.312109 0.905945 0.035156 0.028265
1 0.666406 0.880604 0.014063 0.014620
1 0.484766 0.869396 0.008594 0.013645
1 0.228125 0.872320 0.023438 0.023392
1 0.682031 0.862573 0.014063 0.009747
1 0.052344 0.870858 0.070312 0.034113
1 0.554688 0.859162 0.031250 0.014620
1 0.525781 0.871832 0.020313 0.039961
1 0.410547 0.861598 0.024219 0.021442
1 0.991016 0.863060 0.017969 0.028265
1 0.007422 0.855750 0.014844 0.013645
1 0.925391 0.855263 0.019531 0.024366
1 0.952344 0.849415 0.026562 0.018519
1 0.358203 0.849903 0.011719 0.019493
1 0.276172 0.852339 0.021094 0.024366
1 0.171094 0.858674 0.040625 0.037037
1 0.205078 0.848928 0.014844 0.019493
1 0.044531 0.845029 0.007812 0.021442
1 0.699219 0.841131 0.007812 0.017544
1 0.600391 0.835283 0.008594 0.017544
1 0.767578 0.829435 0.035156 0.031189
1 0.518359 0.817251 0.016406 0.012671
1 0.287891 0.822612 0.022656 0.029240
1 0.735547 0.813840 0.016406 0.013645
1 0.985938 0.813353 0.015625 0.016569
1 0.008984 0.824074 0.017969 0.038012
1 0.673828 0.818713 0.021094 0.037037
1 0.888281 0.814327 0.015625 0.032164
1 0.565234 0.804094 0.016406 0.011696
1 0.770312 0.799220 0.010937 0.013645
1 0.089453 0.802632 0.010156 0.022417
1 0.269531 0.792398 0.012500 0.021442
1 0.489063 0.798246 0.050000 0.038986
1 0.226562 0.788012 0.017188 0.024366
1 0.102734 0.767544 0.010156 0.012671
1 0.533984 0.765595 0.014844 0.012671
1 0.272266 0.760721 0.011719 0.012671
1 0.942969 0.760234 0.021875 0.013645
1 0.739062 0.764133 0.026562 0.021442
1 0.814844 0.781676 0.032813 0.070175
1 0.778906 0.752437 0.009375 0.011696
1 0.290234 0.747563 0.014844 0.009747
1 0.320703 0.757310 0.027344 0.042885
1 0.825391 0.745127 0.011719 0.020468
1 0.569922 0.754386 0.032031 0.038986
1 0.181250 0.742690 0.015625 0.017544
1 0.242578 0.730019 0.010156 0.015595
1 0.498828 0.727096 0.021094 0.011696
1 0.102734 0.739766 0.052344 0.037037
1 0.756250 0.726608 0.010937 0.016569
1 0.664844 0.722222 0.021875 0.017544
1 0.155078 0.726121 0.016406 0.027290
1 0.773047 0.711988 0.014844 0.014620
1 0.814844 0.705653 0.017188 0.019493
1 0.617188 0.703704 0.029687 0.021442
1 0.431641 0.736355 0.155469 0.086745
1 0.520312 0.703216 0.010937 0.024366
1 0.986328 0.712963 0.027344 0.047758
1 0.296094 0.687135 0.014063 0.011696
1 0.929297 0.710039 0.086719 0.076998
1 0.637109 0.675439 0.010156 0.013645
1 0.682813 0.676901 0.010937 0.018519
1 0.341406 0.675439 0.015625 0.019493
1 0.585547 0.667641 0.010156 0.013645
1 0.872266 0.696881 0.078906 0.089669
1 0.795703 0.659357 0.008594 0.016569
1 0.135937 0.660331 0.026562 0.034113
1 0.055078 0.646199 0.014844 0.007797
1 0.775391 0.645712 0.022656 0.014620
1 0.241797 0.649123 0.039844 0.029240
1 0.710547 0.637427 0.017969 0.025341
1 0.233203 0.699318 0.157031 0.154971
1 0.399219 0.633041 0.012500 0.024366
1 0.366797 0.626218 0.017969 0.010721
1 0.512891 0.634016 0.030469 0.039961
1 0.099609 0.621832 0.019531 0.021442
1 0.483203 0.612573 0.008594 0.016569
1 0.409766 0.609162 0.011719 0.011696
1 0.541016 0.618908 0.014844 0.035088
1 0.338281 0.612086 0.021875 0.021442
1 0.835156 0.608187 0.010937 0.015595
1 0.636328 0.610136 0.021094 0.025341
1 0.735547 0.608674 0.025781 0.030214
1 0.048047 0.595517 0.010156 0.011696
1 0.783594 0.591131 0.020313 0.016569
1 0.813672 0.589669 0.021094 0.015595
1 0.115234 0.585770 0.025781 0.033138
1 0.694141 0.581384 0.077344 0.041910
1 0.224219 0.569688 0.032813 0.036062
1 0.136328 0.557992 0.019531 0.014620
1 0.939844 0.562865 0.029687 0.045809
1 0.851562 0.557018 0.020313 0.034113
1 0.386719 0.541910 0.012500 0.013645
1 0.233594 0.541423 0.023438 0.012671
1 0.803516 0.536550 0.013281 0.012671
1 0.056250 0.556043 0.051562 0.053606
1 0.772266 0.533138 0.032031 0.025341
1 0.158594 0.529727 0.017188 0.020468
1 0.592187 0.535088 0.018750 0.035088
1 0.982812 0.522904 0.010937 0.012671
1 0.017578 0.534113 0.035156 0.035088
1 0.885547 0.524854 0.024219 0.032164
1 0.521875 0.525341 0.037500 0.033138
1 0.365234 0.513158 0.013281 0.014620
1 0.908984 0.509259 0.010156 0.016569
1 0.171094 0.508285 0.018750 0.016569
1 0.651563 0.501949 0.020313 0.027290
1 0.741406 0.495614 0.010937 0.018519
1 0.832422 0.489279 0.014844 0.021442
1 0.905859 0.483431 0.010156 0.015595
1 0.271484 0.507797 0.050781 0.072125
1 0.800000 0.480019 0.023438 0.024366
1 0.958594 0.489766 0.082812 0.053606
1 0.867578 0.476608 0.021094 0.029240
1 0.348047 0.493665 0.074219 0.063353
1 0.118750 0.472710 0.034375 0.023392
1 0.682422 0.474659 0.019531 0.035088
1 0.967578 0.458090 0.008594 0.021442
1 0.831641 0.460039 0.027344 0.025341
1 0.434766 0.455653 0.011719 0.024366
1 0.780859 0.451754 0.025781 0.018519
1 0.274219 0.454678 0.028125 0.024366
1 0.194141 0.457602 0.042969 0.036062
1 0.642969 0.438596 0.025000 0.013645
1 0.906641 0.442982 0.032031 0.047758
1 0.248047 0.434211 0.047656 0.030214
1 0.068750 0.429825 0.034375 0.023392
1 0.893750 0.420565 0.026562 0.024366
1 0.760547 0.420078 0.027344 0.025341
1 0.022266 0.416179 0.044531 0.033138
1 0.144141 0.409844 0.011719 0.028265
1 0.589844 0.405945 0.020313 0.022417
1 0.870313 0.397173 0.009375 0.012671
1 0.498828 0.426901 0.111719 0.076023
1 0.327344 0.398148 0.017188 0.020468
1 0.150391 0.384016 0.008594 0.013645
1 0.902344 0.381579 0.012500 0.010721
1 0.969531 0.391326 0.037500 0.034113
1 0.644531 0.381092 0.014063 0.013645
1 0.569531 0.378168 0.012500 0.015595
1 0.516016 0.382066 0.038281 0.027290
1 0.286328 0.374269 0.013281 0.011696
1 0.613672 0.374269 0.013281 0.013645
1 0.441406 0.384503 0.035937 0.039961
1 0.706641 0.371345 0.013281 0.019493
1 0.941016 0.360136 0.019531 0.014620
1 0.786719 0.371832 0.062500 0.045809
1 0.009766 0.369396 0.019531 0.050682
1 0.683594 0.358187 0.021875 0.030214
1 0.363281 0.348928 0.010937 0.011696
1 0.103125 0.378168 0.051562 0.070175
1 0.225391 0.343567 0.019531 0.018519
1 0.903906 0.343080 0.029687 0.027290
1 0.337500 0.335770 0.017188 0.022417
1 0.062500 0.334795 0.012500 0.020468
1 0.076172 0.355750 0.041406 0.068226
1 0.798828 0.328460 0.033594 0.019493
1 0.276953 0.324074 0.008594 0.014620
1 0.520312 0.318226 0.017188 0.018519
1 0.295312 0.316764 0.023438 0.021442
1 0.760547 0.310916 0.010156 0.013645
1 0.898828 0.307505 0.010156 0.012671
1 0.980469 0.312378 0.039062 0.032164
1 0.170313 0.300195 0.076563 0.021442
1 0.946875 0.293860 0.010937 0.018519
1 0.408594 0.294834 0.014063 0.024366
1 0.015234 0.288499 0.014844 0.017544
1 0.259766 0.288986 0.017969 0.022417
1 0.337500 0.297758 0.032813 0.041910
1 0.478125 0.282651 0.029687 0.025341
1 0.443750 0.293372 0.031250 0.046784
1 0.421875 0.278752 0.009375 0.017544
1 0.636719 0.290448 0.035937 0.044834
1 0.131641 0.278265 0.019531 0.020468
1 0.542969 0.272417 0.009375 0.012671
1 0.693359 0.274854 0.014844 0.021442
1 0.789453 0.266569 0.013281 0.012671
1 0.843359 0.266082 0.010156 0.017544
1 0.024609 0.262183 0.016406 0.013645
1 0.366406 0.264620 0.029687 0.022417
1 0.879297 0.275341 0.039844 0.049708
1 0.277344 0.255361 0.018750 0.025341
1 0.224219 0.250000 0.012500 0.020468
1 0.626563 0.243177 0.010937 0.012671
1 0.483984 0.237329 0.014844 0.008772
1 0.748047 0.264133 0.063281 0.068226
1 0.053516 0.247076 0.044531 0.047758
1 0.816016 0.229045 0.014844 0.019493
1 0.925391 0.222222 0.014844 0.013645
1 0.967578 0.224172 0.028906 0.023392
1 0.194531 0.219786 0.020313 0.020468
1 0.680078 0.216374 0.061719 0.040936
1 0.313281 0.201754 0.015625 0.015595
1 0.335156 0.201754 0.017188 0.029240
1 0.016406 0.197856 0.015625 0.023392
1 0.919531 0.194444 0.023438 0.018519
1 0.131641 0.198343 0.032031 0.030214
1 0.696094 0.189571 0.009375 0.016569
1 0.552734 0.186160 0.013281 0.017544
1 0.187891 0.182261 0.010156 0.017544
1 0.420703 0.184211 0.042969 0.025341
1 0.270703 0.181287 0.028906 0.019493
1 0.028516 0.173489 0.011719 0.013645
1 0.478516 0.170078 0.019531 0.012671
1 0.848437 0.165692 0.012500 0.019493
1 0.367578 0.175439 0.060156 0.040936
1 0.813281 0.152047 0.010937 0.019493
1 0.510938 0.166179 0.050000 0.067251
1 0.963281 0.143762 0.014063 0.030214
1 0.286328 0.145712 0.032031 0.034113
1 0.459766 0.142788 0.035156 0.030214
1 0.203906 0.144250 0.045312 0.046784
1 0.801562 0.126706 0.023438 0.015595
1 0.690234 0.129630 0.014844 0.021442
1 0.037109 0.120370 0.024219 0.022417
1 0.769531 0.115984 0.028125 0.017544
1 0.243750 0.125244 0.057813 0.036062
1 0.993359 0.116472 0.013281 0.024366
1 0.091406 0.111598 0.014063 0.014620
1 0.859766 0.099415 0.017969 0.017544
1 0.830469 0.108187 0.032813 0.040936
1 0.084766 0.088694 0.014844 0.013645
1 0.529297 0.082846 0.017969 0.013645
1 0.019531 0.081384 0.017188 0.012671
1 0.666797 0.085770 0.027344 0.023392
1 0.229687 0.083821 0.025000 0.021442
1 0.984375 0.080409 0.017188 0.018519
1 0.460938 0.075536 0.012500 0.010721
1 0.981641 0.063353 0.011719 0.009747
1 0.169531 0.068713 0.056250 0.030214
1 0.236719 0.053119 0.020313 0.012671
1 0.050000 0.068226 0.025000 0.044834
1 0.836719 0.056043 0.042188 0.034113
1 0.308984 0.054094 0.028906 0.032164
1 0.674219 0.042398 0.010937 0.012671
1 0.788672 0.044347 0.011719 0.018519
1 0.203125 0.042885 0.010937 0.015595
1 0.720703 0.043372 0.046094 0.020468
1 0.157031 0.040448 0.012500 0.022417
1 0.370703 0.055068 0.055469 0.059454
1 0.620703 0.044834 0.022656 0.042885
1 0.602344 0.028265 0.009375 0.017544
1 0.459375 0.033138 0.043750 0.031189
1 0.868750 0.010721 0.014063 0.013645
1 0.943359 0.006335 0.014844 0.012671
1 0.623047 0.011209 0.030469 0.022417
1 0.498047 0.006823 0.010156 0.013645
1 0.107031 0.041423 0.067187 0.082846
1 0.021094 0.037037 0.042188 0.074074