1 0.293359 0.916179 0.038281 0.029240
1 0.854688 0.908869 0.018750 0.028265
1 0.456250 0.828460 0.045312 0.048733
1 0.794141 0.824074 0.064844 0.094542
1 0.756250 0.786062 0.018750 0.032164
1 0.338281 0.752924 0.071875 0.053606
1 0.536719 0.723684 0.051562 0.034113
1 0.466797 0.698830 0.011719 0.011696
1 0.501953 0.694932 0.017969 0.017544
1 0.941797 0.709064 0.071094 0.051657
1 0.822266 0.752437 0.125781 0.185185
1 0.428125 0.648148 0.014063 0.011696
1 0.408594 0.652534 0.023438 0.028265
1 0.454688 0.643762 0.029687 0.022417
1 0.231641 0.638889 0.016406 0.016569
1 0.680078 0.722710 0.082031 0.190058
1 0.375000 0.630117 0.023438 0.008772
1 0.633984 0.633528 0.019531 0.019493
1 0.100000 0.687135 0.200000 0.128655
1 0.639453 0.605750 0.019531 0.026316
1 0.748828 0.605750 0.092969 0.076998
1 0.167578 0.542398 0.039844 0.057505
1 0.628125 0.453216 0.028125 0.027290
1 0.375391 0.442495 0.008594 0.019493
1 0.668750 0.432749 0.014063 0.025341
1 0.494922 0.438109 0.091406 0.067251
1 0.648438 0.409844 0.017188 0.022417
1 0.278906 0.385965 0.017188 0.007797
1 0.712500 0.384990 0.025000 0.027290
1 0.982031 0.365497 0.012500 0.025341
1 0.176953 0.353801 0.033594 0.017544
1 0.955078 0.338694 0.011719 0.014620
1 0.261328 0.307992 0.052344 0.029240
1 0.012891 0.286550 0.025781 0.035088
1 0.982422 0.301170 0.035156 0.087719
1 0.323828 0.396686 0.246094 0.304094
1 0.840234 0.227096 0.021094 0.027290
1 0.427734 0.221248 0.013281 0.017544
1 0.101562 0.213938 0.185938 0.123782
1 0.848437 0.135478 0.014063 0.015595
1 0.867969 0.126706 0.012500 0.009747
1 0.300000 0.088207 0.012500 0.016569
1 0.441406 0.089181 0.046875 0.045809
1 0.388281 0.069688 0.012500 0.010721
1 0.527344 0.113060 0.140625 0.111111
1 0.208594 0.099903 0.065625 0.086745
1 0.589453 0.059942 0.010156 0.012671
1 0.848437 0.059454 0.014063 0.013645
1 0.554688 0.065789 0.029687 0.028265
1 0.264844 0.038499 0.020313 0.016569
1 0.239063 0.030214 0.014063 0.011696
1 0.891016 0.068713 0.039844 0.092593
1 0.723828 0.112086 0.232031 0.202729
1 0.527734 0.019006 0.028906 0.026316
1 0.937500 0.022417 0.103125 0.044834
1 0.248438 0.005848 0.010937 0.011696
1 0.038281 0.050195 0.076563 0.100390