1 0.010547 0.922515 0.011719 0.016569
1 0.691406 0.885478 0.010937 0.016569
1 0.773828 0.886452 0.061719 0.043860
1 0.423438 0.870858 0.012500 0.016569
1 0.042188 0.848928 0.056250 0.097466
1 0.607422 0.795322 0.019531 0.021442
1 0.289062 0.757310 0.010937 0.013645
1 0.174219 0.770468 0.020313 0.039961
1 0.043750 0.753899 0.009375 0.018519
1 0.457031 0.741715 0.014063 0.011696
1 0.088281 0.754873 0.085938 0.114035
1 0.519141 0.735867 0.103906 0.079922
1 0.244922 0.701267 0.033594 0.016569
1 0.398828 0.719786 0.052344 0.067251
1 0.160547 0.704678 0.022656 0.044834
1 0.303125 0.687135 0.009375 0.019493
1 0.809375 0.683236 0.065625 0.046784
1 0.737500 0.653021 0.032813 0.029240
1 0.094922 0.646686 0.014844 0.018519
1 0.774219 0.654483 0.039062 0.041910
1 0.583594 0.658869 0.040625 0.054581
1 0.875391 0.644250 0.060156 0.068226
1 0.955469 0.668129 0.089063 0.133528
1 0.369922 0.614035 0.028906 0.048733
1 0.877344 0.575049 0.017188 0.023392
1 0.911328 0.577485 0.027344 0.032164
1 0.471875 0.603801 0.095312 0.108187
1 0.192578 0.595029 0.074219 0.127680
1 0.746875 0.555068 0.039062 0.061404
1 0.925000 0.548733 0.056250 0.052632
1 0.493750 0.528752 0.007812 0.020468
1 0.100391 0.547271 0.049219 0.061404
1 0.446484 0.512671 0.014844 0.017544
1 0.849219 0.531676 0.046875 0.059454
1 0.905078 0.503899 0.022656 0.021442
1 0.274219 0.531676 0.068750 0.088694
1 0.984766 0.494152 0.030469 0.015595
1 0.644531 0.509747 0.040625 0.054581
1 0.146875 0.481969 0.020313 0.008772
1 0.703516 0.502924 0.041406 0.062378
1 0.066406 0.478070 0.017188 0.030214
1 0.421875 0.471248 0.035937 0.018519
1 0.367969 0.467349 0.064062 0.043860
1 0.604297 0.463938 0.025781 0.038986
1 0.129297 0.425926 0.016406 0.011696
1 0.342969 0.406920 0.017188 0.020468
1 0.430078 0.414717 0.060156 0.039961
1 0.378125 0.394250 0.012500 0.020468
1 0.738672 0.351852 0.017969 0.015595
1 0.410938 0.346004 0.023438 0.021442
1 0.517578 0.374269 0.069531 0.081871
1 0.027344 0.370858 0.054688 0.076998
1 0.238281 0.332359 0.012500 0.013645
1 0.349219 0.332359 0.050000 0.042885
1 0.764453 0.336257 0.078906 0.064327
1 0.575000 0.309942 0.009375 0.015595
1 0.064453 0.303606 0.011719 0.014620
1 0.210156 0.382554 0.159375 0.197856
1 0.050781 0.290448 0.012500 0.015595
1 0.284766 0.291423 0.038281 0.040936
1 0.339844 0.263158 0.015625 0.019493
1 0.700000 0.262671 0.025000 0.028265
1 0.200391 0.234405 0.010156 0.016569
1 0.869141 0.234893 0.019531 0.031189
1 0.945312 0.241715 0.071875 0.111111
1 0.009375 0.180312 0.014063 0.021442
1 0.077344 0.199318 0.018750 0.065302
1 0.564844 0.230994 0.225000 0.134503
1 0.547656 0.176413 0.037500 0.040936
1 0.192188 0.160819 0.050000 0.029240
1 0.044141 0.164717 0.042969 0.038986
1 0.423047 0.165205 0.049219 0.041910
1 0.099609 0.154971 0.030469 0.021442
1 0.035937 0.129630 0.015625 0.013645
1 0.759375 0.125244 0.012500 0.012671
1 0.166406 0.108674 0.012500 0.012671
1 0.829297 0.107700 0.038281 0.016569
1 0.791406 0.106725 0.031250 0.032164
1 0.316016 0.083821 0.014844 0.017544
1 0.193359 0.078460 0.016406 0.028265
1 0.297656 0.047758 0.025000 0.048733
1 0.401953 0.050682 0.066406 0.077973
1 0.965234 0.011209 0.033594 0.022417
1 0.645703 0.077485 0.144531 0.154971
1 0.446875 0.009747 0.020313 0.019493
1 0.332422 0.006823 0.028906 0.013645
1 0.063672 0.039474 0.108594 0.078947
1 0.117969 0.906920 0.048438 0.045809