1 0.948438 0.921540 0.017188 0.016569
1 0.050781 0.921540 0.017188 0.016569
1 0.144922 0.892300 0.016406 0.018519
1 0.259375 0.879630 0.012500 0.016569
1 0.741406 0.856238 0.014063 0.020468
1 0.859766 0.878168 0.042969 0.070175
1 0.295703 0.862086 0.030469 0.038012
1 0.650000 0.848441 0.021875 0.014620
1 0.437500 0.851852 0.012500 0.021442
1 0.775391 0.834308 0.013281 0.017544
1 0.270703 0.833333 0.011719 0.021442
1 0.825781 0.838207 0.031250 0.037037
1 0.096484 0.828947 0.024219 0.022417
1 0.995313 0.819688 0.009375 0.021442
1 0.074219 0.821637 0.014063 0.027290
1 0.182422 0.812865 0.011719 0.021442
1 0.352734 0.820663 0.033594 0.042885
1 0.428125 0.811891 0.021875 0.031189
1 0.623047 0.797271 0.013281 0.017544
1 0.819922 0.790936 0.010156 0.014620
1 0.731641 0.794347 0.024219 0.033138
1 0.583594 0.772417 0.021875 0.016569
1 0.651953 0.762671 0.010156 0.010721
1 0.962891 0.780214 0.074219 0.049708
1 0.144922 0.772417 0.053906 0.034113
1 0.287109 0.773879 0.046094 0.038986
1 0.783594 0.757310 0.025000 0.017544
1 0.744141 0.770468 0.042969 0.055556
1 0.020703 0.768519 0.041406 0.065302
1 0.992578 0.745614 0.014844 0.023392
1 0.884375 0.749513 0.037500 0.038986
1 0.696875 0.760234 0.026562 0.062378
1 0.503125 0.750000 0.068750 0.041910
1 0.112109 0.748051 0.036719 0.045809
1 0.254297 0.742690 0.027344 0.037037
1 0.721094 0.724659 0.028125 0.024366
1 0.196484 0.709064 0.008594 0.014620
1 0.404687 0.750000 0.112500 0.100390
1 0.226172 0.707602 0.024219 0.029240
1 0.527734 0.701267 0.013281 0.018519
1 0.205469 0.691033 0.012500 0.015595
1 0.145703 0.694444 0.011719 0.024366
1 0.303125 0.685673 0.029687 0.036062
1 0.080078 0.687622 0.041406 0.049708
1 0.634766 0.669103 0.032031 0.016569
1 0.045703 0.648635 0.010156 0.016569
1 0.273438 0.649610 0.021875 0.047758
1 0.126172 0.634503 0.016406 0.017544
1 0.797266 0.630117 0.025781 0.038012
1 0.837891 0.640351 0.058594 0.066277
1 0.934375 0.612086 0.012500 0.013645
1 0.581250 0.654971 0.075000 0.099415
1 0.993359 0.616959 0.013281 0.025341
1 0.336719 0.610624 0.009375 0.016569
1 0.293359 0.603314 0.042969 0.054581
1 0.507812 0.594055 0.048438 0.039961
1 0.448047 0.586257 0.024219 0.036062
1 0.329297 0.577485 0.008594 0.020468
1 0.652734 0.567739 0.035156 0.022417
1 0.199609 0.567251 0.057031 0.035088
1 0.008984 0.573099 0.017969 0.050682
1 0.540234 0.556530 0.019531 0.023392
1 0.767578 0.548733 0.013281 0.023392
1 0.861719 0.543860 0.007812 0.017544
1 0.709766 0.556043 0.077344 0.059454
1 0.433984 0.531676 0.011719 0.020468
1 0.959766 0.555068 0.074219 0.069201
1 0.780859 0.519006 0.039844 0.034113
1 0.488672 0.525828 0.042969 0.053606
1 0.346094 0.522417 0.034375 0.056530
1 0.712500 0.507310 0.023438 0.028265
1 0.621484 0.503899 0.019531 0.029240
1 0.299219 0.500487 0.023438 0.028265
1 0.675391 0.493177 0.019531 0.025341
1 0.092188 0.522417 0.059375 0.083821
1 0.386719 0.493177 0.028125 0.033138
1 0.901953 0.495614 0.030469 0.045809
1 0.600391 0.474659 0.017969 0.025341
1 0.948438 0.487817 0.037500 0.053606
1 0.976953 0.471248 0.017969 0.024366
1 0.841016 0.470760 0.011719 0.035088
1 0.432422 0.461501 0.028906 0.020468
1 0.214453 0.466862 0.022656 0.031189
1 0.549609 0.458577 0.008594 0.018519
1 0.037500 0.471248 0.046875 0.043860
1 0.767188 0.457115 0.029687 0.035088
1 0.850000 0.430799 0.048438 0.033138
1 0.500000 0.422515 0.015625 0.020468
1 0.157031 0.438109 0.075000 0.067251
1 0.054688 0.428363 0.048438 0.063353
1 0.517188 0.403021 0.010937 0.018519
1 0.988281 0.416667 0.023438 0.047758
1 0.424609 0.393762 0.024219 0.019493
1 0.631641 0.394250 0.036719 0.030214
1 0.816406 0.398148 0.056250 0.051657
1 0.354687 0.416667 0.078125 0.098441
1 0.394531 0.373782 0.014063 0.014620
1 0.780078 0.385478 0.021094 0.039961
1 0.242578 0.396686 0.066406 0.064327
1 0.192578 0.379142 0.016406 0.044834
1 0.599609 0.358187 0.011719 0.012671
1 0.905078 0.352339 0.019531 0.008772
1 0.137891 0.378168 0.044531 0.064327
1 0.845313 0.364035 0.025000 0.049708
1 0.225391 0.346979 0.016406 0.017544
1 0.714453 0.351365 0.021094 0.045809
1 0.734375 0.331871 0.012500 0.024366
1 0.085156 0.329435 0.017188 0.021442
1 0.189844 0.326023 0.023438 0.018519
1 0.288281 0.326023 0.009375 0.026316
1 0.534375 0.342593 0.104688 0.061404
1 0.127734 0.315302 0.013281 0.012671
1 0.523828 0.315789 0.017969 0.021442
1 0.344922 0.307992 0.021094 0.011696
1 0.045312 0.309942 0.015625 0.015595
1 0.223828 0.309942 0.016406 0.019493
1 0.461328 0.309454 0.024219 0.020468
1 0.929688 0.301657 0.018750 0.012671
1 0.163672 0.291910 0.011719 0.012671
1 0.871875 0.291423 0.028125 0.027290
1 0.664062 0.280702 0.017188 0.009747
1 0.200781 0.260234 0.021875 0.013645
1 0.398047 0.254386 0.010156 0.015595
1 0.996094 0.251949 0.007812 0.016569
1 0.831250 0.253411 0.014063 0.021442
1 0.450781 0.251949 0.032813 0.038012
1 0.052734 0.255848 0.035156 0.049708
1 0.793359 0.255361 0.044531 0.054581
1 0.982422 0.228070 0.010156 0.011696
1 0.285547 0.243177 0.044531 0.043860
1 0.845313 0.232943 0.034375 0.027290
1 0.929688 0.228558 0.020313 0.032164
1 0.415234 0.221735 0.017969 0.020468
1 0.043359 0.225146 0.017969 0.031189
1 0.579688 0.253411 0.078125 0.097466
1 0.748437 0.217349 0.046875 0.035088
1 0.479297 0.216862 0.024219 0.036062
1 0.116016 0.208090 0.022656 0.022417
1 0.014063 0.200780 0.014063 0.037037
1 0.422266 0.192495 0.022656 0.028265
1 0.780078 0.191033 0.025781 0.035088
1 0.148438 0.202729 0.020313 0.060429
1 0.816016 0.169591 0.011719 0.017544
1 0.064062 0.175439 0.021875 0.029240
1 0.968359 0.175439 0.038281 0.031189
1 0.866016 0.174464 0.022656 0.029240
1 0.030859 0.161793 0.025781 0.019493
1 0.921875 0.162768 0.023438 0.029240
1 0.951953 0.152047 0.017969 0.011696
1 0.533594 0.159844 0.034375 0.027290
1 0.305859 0.158382 0.038281 0.045809
1 0.479687 0.138402 0.018750 0.017544
1 0.639453 0.164230 0.036719 0.075049
1 0.989062 0.135965 0.021875 0.026316
1 0.524219 0.119883 0.021875 0.019493
1 0.675391 0.125244 0.035156 0.036062
1 0.013281 0.125731 0.026562 0.038986
1 0.723828 0.147173 0.067969 0.085770
1 0.830469 0.129630 0.026562 0.054581
1 0.224219 0.112086 0.020313 0.029240
1 0.362891 0.113060 0.021094 0.033138
1 0.572656 0.118421 0.048438 0.045809
1 0.346094 0.091131 0.018750 0.016569
1 0.849219 0.086745 0.015625 0.009747
1 0.692578 0.076998 0.025781 0.011696
1 0.183203 0.078460 0.007031 0.022417
1 0.383984 0.077973 0.028906 0.027290
1 0.881250 0.069688 0.025000 0.020468
1 0.512500 0.067739 0.032813 0.022417
1 0.931641 0.065789 0.017969 0.022417
1 0.047266 0.062378 0.030469 0.023392
1 0.133984 0.087232 0.077344 0.075049
1 0.276562 0.090156 0.046875 0.119883
1 0.024219 0.038012 0.018750 0.015595
1 0.739844 0.036062 0.015625 0.013645
1 0.551172 0.041910 0.028906 0.037037
1 0.636328 0.025341 0.016406 0.011696
1 0.980859 0.025341 0.011719 0.013645
1 0.791016 0.033626 0.041406 0.030214
1 0.703906 0.021442 0.018750 0.015595
1 0.262891 0.021930 0.013281 0.020468
1 0.147266 0.020468 0.024219 0.021442
1 0.025391 0.017057 0.014844 0.020468
1 0.599219 0.026803 0.028125 0.043860
1 0.950391 0.013645 0.019531 0.027290
1 0.905859 0.005361 0.019531 0.010721
1 0.850000 0.006823 0.014063 0.013645
1 0.675391 0.017057 0.022656 0.034113
1 0.443359 0.042398 0.075781 0.084795
1 0.339062 0.012183 0.026562 0.024366
1 0.220703 0.010234 0.017969 0.020468
1 0.122266 0.007797 0.017969 0.015595
1 0.218359 0.897661 0.052344 0.056530
1 0.323047 0.745614 0.021094 0.021442
1 0.398438 0.896686 0.039062 0.058480
1 0.620703 0.899610 0.038281 0.064327