0 0.564453 0.906901 0.009766 0.024740
0 0.306641 0.895833 0.025391 0.026042
0 0.022461 0.865885 0.025391 0.020833
0 0.531250 0.862630 0.052734 0.061198
0 0.436035 0.869141 0.020508 0.074219
0 0.230469 0.840495 0.025391 0.019531
0 0.727051 0.850260 0.061523 0.062500
0 0.421875 0.819661 0.017578 0.037760
0 0.814941 0.800781 0.088867 0.059896
0 0.611328 0.800781 0.054688 0.080729
0 0.527832 0.753906 0.022461 0.028646
0 0.800781 0.732422 0.023438 0.035156
0 0.531738 0.714844 0.016602 0.028646
0 0.203613 0.742188 0.041992 0.111979
0 0.567871 0.716797 0.036133 0.074219
0 0.090332 0.698568 0.041992 0.055990
0 0.605957 0.690755 0.047852 0.048177
0 0.580566 0.656901 0.016602 0.029948
0 0.160156 0.654948 0.039062 0.033854
0 0.180176 0.619141 0.012695 0.040365
0 0.346680 0.630859 0.072266 0.095052
0 0.790527 0.597005 0.012695 0.032552
0 0.132812 0.572266 0.060547 0.053385
0 0.665039 0.514974 0.033203 0.022135
0 0.828125 0.509766 0.019531 0.035156
0 0.954590 0.476562 0.063477 0.059896
0 0.855469 0.466146 0.044922 0.054688
0 0.125977 0.449870 0.042969 0.058594
0 0.668945 0.429036 0.017578 0.029948
0 0.019531 0.410156 0.019531 0.013021
0 0.319336 0.419271 0.058594 0.067708
0 0.040039 0.375000 0.080078 0.057292
0 0.555176 0.355469 0.014648 0.028646
0 0.978516 0.291667 0.042969 0.036458
0 0.341797 0.289062 0.033203 0.052083
0 0.818848 0.277995 0.014648 0.032552
0 0.966797 0.263672 0.019531 0.014323
0 0.493164 0.220052 0.015625 0.031250
0 0.655762 0.195964 0.110352 0.037760
0 0.962402 0.182292 0.075195 0.138021
0 0.092285 0.127604 0.040039 0.065104
0 0.478516 0.090495 0.044922 0.061198
0 0.786621 0.063151 0.010742 0.024740
0 0.499512 0.034505 0.040039 0.061198
0 0.208984 0.017578 0.058594 0.035156