0 0.485352 0.910807 0.017578 0.016927
0 0.093750 0.910156 0.013672 0.018229
0 0.230469 0.902995 0.017578 0.011719
0 0.448242 0.904948 0.025391 0.028646
0 0.780273 0.897135 0.021484 0.020833
0 0.547852 0.896484 0.019531 0.019531
0 0.944336 0.865234 0.019531 0.014323
0 0.349121 0.865885 0.012695 0.023438
0 0.991699 0.865234 0.016602 0.029948
0 0.684570 0.863281 0.021484 0.031250
0 0.039062 0.841797 0.029297 0.014323
0 0.398438 0.846354 0.017578 0.039062
0 0.964844 0.824870 0.029297 0.045573
0 0.937988 0.809245 0.016602 0.019531
0 0.872559 0.796875 0.032227 0.020833
0 0.645020 0.791016 0.010742 0.022135
0 0.102051 0.783854 0.012695 0.018229
0 0.513672 0.782552 0.017578 0.020833
0 0.025391 0.776042 0.015625 0.020833
0 0.274902 0.776693 0.020508 0.029948
0 0.303711 0.763021 0.015625 0.020833
0 0.518066 0.746745 0.018555 0.022135
0 0.640625 0.738932 0.013672 0.022135
0 0.496582 0.733724 0.016602 0.016927
0 0.272949 0.733724 0.012695 0.019531
0 0.816406 0.749349 0.035156 0.053385
0 0.135742 0.724609 0.027344 0.019531
0 0.746094 0.714844 0.017578 0.013021
0 0.991211 0.712240 0.017578 0.026042
0 0.612793 0.707682 0.022461 0.019531
0 0.658203 0.700521 0.017578 0.020833
0 0.480957 0.703125 0.012695 0.031250
0 0.055176 0.699870 0.022461 0.029948
0 0.127930 0.694010 0.019531 0.026042
0 0.877930 0.694661 0.027344 0.029948
0 0.703613 0.687500 0.012695 0.026042
0 0.941406 0.684245 0.021484 0.027344
0 0.845215 0.678385 0.028320 0.018229
0 0.767578 0.692057 0.019531 0.061198
0 0.239746 0.666667 0.034180 0.028646
0 0.418945 0.657552 0.017578 0.013021
0 0.554199 0.643880 0.041992 0.027344
0 0.607910 0.613281 0.016602 0.018229
0 0.489746 0.613281 0.014648 0.018229
0 0.119629 0.614583 0.028320 0.020833
0 0.683594 0.606771 0.029297 0.018229
0 0.993164 0.607422 0.013672 0.032552
0 0.887695 0.604167 0.021484 0.028646
0 0.730469 0.601562 0.039062 0.026042
0 0.474609 0.560547 0.021484 0.019531
0 0.121582 0.555339 0.014648 0.024740
0 0.350586 0.547526 0.021484 0.016927
0 0.865234 0.550130 0.015625 0.029948
0 0.645508 0.541667 0.011719 0.026042
0 0.139648 0.531901 0.021484 0.014323
0 0.022461 0.514974 0.011719 0.029948
0 0.318359 0.511719 0.017578 0.031250
0 0.848145 0.491536 0.024414 0.022135
0 0.566895 0.492839 0.034180 0.032552
0 0.752441 0.482422 0.026367 0.029948
0 0.096680 0.471354 0.017578 0.013021
0 0.277832 0.466797 0.014648 0.022135
0 0.063477 0.458984 0.025391 0.022135
0 0.932129 0.440755 0.012695 0.022135
0 0.194336 0.439453 0.025391 0.027344
0 0.626465 0.425781 0.012695 0.018229
0 0.463379 0.421875 0.022461 0.023438
0 0.414551 0.406250 0.016602 0.028646
0 0.982910 0.398438 0.018555 0.018229
0 0.117188 0.400391 0.017578 0.027344
0 0.850586 0.395182 0.009766 0.027344
0 0.343750 0.376953 0.019531 0.019531
0 0.696289 0.351562 0.023438 0.023438
0 0.292480 0.350911 0.012695 0.022135
0 0.372559 0.314453 0.016602 0.019531
0 0.591797 0.324870 0.029297 0.042969
0 0.449707 0.325521 0.008789 0.052083
0 0.914551 0.317057 0.022461 0.037760
0 0.794922 0.295573 0.019531 0.015625
0 0.521484 0.280599 0.017578 0.014323
0 0.854492 0.279948 0.011719 0.015625
0 0.173340 0.296224 0.014648 0.050781
0 0.741699 0.276693 0.018555 0.032552
0 0.584961 0.270182 0.013672 0.019531
0 0.454590 0.266927 0.014648 0.026042
0 0.781250 0.244141 0.017578 0.019531
0 0.935059 0.240234 0.018555 0.022135
0 0.037109 0.231771 0.017578 0.018229
0 0.589355 0.223307 0.012695 0.035156
0 0.934082 0.205729 0.022461 0.015625
0 0.125977 0.205729 0.031250 0.028646
0 0.695312 0.186849 0.011719 0.019531
0 0.513672 0.185547 0.009766 0.027344
0 0.020508 0.180339 0.023438 0.029948
0 0.824707 0.171224 0.010742 0.027344
0 0.314941 0.148438 0.014648 0.018229
0 0.438965 0.147786 0.018555 0.027344
0 0.955566 0.147135 0.040039 0.041667
0 0.988770 0.139323 0.022461 0.031250
0 0.296387 0.124349 0.020508 0.027344
0 0.399414 0.089844 0.013672 0.018229
0 0.122559 0.072917 0.014648 0.018229
0 0.542969 0.068359 0.019531 0.024740
0 0.924316 0.059896 0.032227 0.039062
0 0.368164 0.048828 0.013672 0.019531
0 0.283691 0.030599 0.018555 0.024740
0 0.578125 0.015625 0.015625 0.013021
0 0.178711 0.022135 0.033203 0.028646
0 0.826660 0.021484 0.024414 0.032552
0 0.853516 0.005208 0.019531 0.010417
0 0.698242 0.011068 0.019531 0.022135
0 0.109375 0.016276 0.039062 0.032552
0 0.459961 0.822266 0.031250 0.058594
0 0.286621 0.675130 0.022461 0.024740
0 0.240234 0.408854 0.041016 0.067708
0 0.668457 0.253255 0.026367 0.040365
0 0.615234 0.224609 0.021484 0.048177
0 0.733887 0.184896 0.026367 0.028646
0 0.487793 0.134766 0.069336 0.024740
0 0.465820 0.271484 0.003906 0.006510
0 0.479492 0.302083 0.033203 0.041667
0 0.660645 0.514974 0.020508 0.032552
0 0.534180 0.369141 0.013672 0.029948
0 0.223145 0.346354 0.026367 0.036458
0 0.015625 0.291667 0.027344 0.028646
0 0.193359 0.591146 0.029297 0.033854
0 0.326660 0.590495 0.026367 0.027344
0 0.725586 0.792318 0.031250 0.061198
0 0.557617 0.769531 0.033203 0.046875
0 0.453613 0.214193 0.043945 0.045573
0 0.781738 0.078776 0.047852 0.076823