0 0.566406 0.907552 0.009766 0.023438
0 0.094238 0.901042 0.100586 0.036458
0 0.416016 0.897786 0.052734 0.042969
0 0.329102 0.897786 0.103516 0.042969
0 0.044922 0.860677 0.089844 0.117188
0 0.404297 0.813151 0.044922 0.045573
0 0.706543 0.725260 0.034180 0.023438
0 0.088867 0.697266 0.039062 0.048177
0 0.020020 0.695312 0.040039 0.065104
0 0.814453 0.714844 0.058594 0.109375
0 0.012207 0.664062 0.016602 0.013021
0 0.083984 0.626953 0.027344 0.027344
0 0.625000 0.604818 0.111328 0.082031
0 0.132324 0.560547 0.057617 0.050781
0 0.827637 0.511719 0.014648 0.018229
0 0.165039 0.485677 0.074219 0.059896
0 0.420898 0.441406 0.035156 0.028646
0 0.118652 0.439453 0.030273 0.032552
0 0.553711 0.350911 0.009766 0.019531
0 0.981934 0.401042 0.036133 0.179688
0 0.466309 0.263021 0.032227 0.023438
0 0.077637 0.251302 0.016602 0.015625
0 0.162109 0.243490 0.054688 0.054688
0 0.314941 0.228516 0.049805 0.032552
0 0.749023 0.224609 0.074219 0.035156
0 0.362793 0.193359 0.022461 0.024740
0 0.858887 0.220052 0.040039 0.088542
0 0.134277 0.169271 0.026367 0.023438
0 0.810059 0.181641 0.040039 0.069010
0 0.993164 0.154948 0.013672 0.033854
0 0.432617 0.128255 0.035156 0.016927
0 0.957031 0.178385 0.072266 0.132812
0 0.755371 0.074870 0.041992 0.069010
0 0.697754 0.061849 0.086914 0.079427
0 0.502441 0.017578 0.047852 0.035156
0 0.022461 0.043620 0.039062 0.087240
0 0.550293 0.714193 0.065430 0.102865
0 0.728027 0.848307 0.073242 0.074219
0 0.673828 0.507161 0.044922 0.061198
0 0.606445 0.791016 0.054688 0.082031
0 0.546875 0.843099 0.070312 0.079427
0 0.351562 0.292318 0.083984 0.058594
0 0.687012 0.173177 0.045898 0.052083
0 0.479980 0.074870 0.084961 0.084635
0 0.162598 0.658203 0.043945 0.076823