1 0.780273 0.866536 0.011719 0.011719
1 0.695312 0.833984 0.013672 0.014323
1 0.152344 0.781901 0.015625 0.011719
1 0.939453 0.770833 0.013672 0.010417
1 0.346191 0.679688 0.026367 0.020833
1 0.934082 0.673828 0.010742 0.011719
1 0.591797 0.668620 0.011719 0.009115
1 0.953125 0.611979 0.019531 0.013021
1 0.758301 0.607422 0.016602 0.014323
1 0.187988 0.599609 0.012695 0.011719
1 0.965332 0.573568 0.018555 0.016927
1 0.310059 0.571615 0.010742 0.018229
1 0.498535 0.559245 0.010742 0.011719
1 0.153320 0.511068 0.019531 0.022135
1 0.228516 0.487630 0.009766 0.022135
1 0.633789 0.477865 0.007812 0.013021
1 0.118164 0.428385 0.007812 0.013021
1 0.589844 0.415365 0.011719 0.013021
1 0.591309 0.386719 0.012695 0.018229
1 0.137695 0.376302 0.017578 0.015625
1 0.953613 0.372396 0.016602 0.010417
1 0.092773 0.362630 0.009766 0.011719
1 0.707520 0.335286 0.012695 0.016927
1 0.445801 0.300130 0.010742 0.011719
1 0.508301 0.294922 0.010742 0.011719
1 0.366211 0.288411 0.007812 0.014323
1 0.872070 0.285156 0.009766 0.010417
1 0.408691 0.230469 0.014648 0.015625
1 0.072754 0.225260 0.012695 0.013021
1 0.088379 0.195312 0.012695 0.013021
1 0.140625 0.173828 0.013672 0.009115
1 0.844727 0.125000 0.009766 0.018229
1 0.337891 0.115885 0.017578 0.013021
1 0.500977 0.097656 0.013672 0.013021
1 0.468750 0.095703 0.013672 0.024740
1 0.571777 0.087240 0.020508 0.020833
1 0.170410 0.077474 0.008789 0.011719
1 0.636230 0.045573 0.008789 0.015625
1 0.301758 0.021484 0.009766 0.011719
1 0.871094 0.017578 0.007812 0.011719
1 0.948242 0.014323 0.009766 0.010417