0 0.536621 0.904948 0.016602 0.020833
0 0.613770 0.901693 0.030273 0.029948
0 0.785156 0.899089 0.031250 0.035156
0 0.034668 0.889323 0.016602 0.026042
0 0.853027 0.895833 0.016602 0.041667
0 0.103027 0.892578 0.020508 0.048177
0 0.244141 0.889323 0.046875 0.052083
0 0.982422 0.883464 0.025391 0.055990
0 0.249023 0.861328 0.042969 0.027344
0 0.908203 0.871094 0.017578 0.049479
0 0.950195 0.855469 0.019531 0.033854
0 0.439941 0.877604 0.065430 0.078125
0 0.342285 0.858073 0.049805 0.044271
0 0.545898 0.844401 0.011719 0.029948
0 0.717285 0.852865 0.024414 0.049479
0 0.589844 0.842448 0.013672 0.028646
0 0.668457 0.841797 0.018555 0.029948
0 0.305176 0.851562 0.018555 0.065104
0 0.052734 0.826823 0.007812 0.031250
0 0.379883 0.831380 0.019531 0.058594
0 0.737305 0.809245 0.013672 0.024740
0 0.504883 0.835938 0.027344 0.080729
0 0.888672 0.805339 0.035156 0.053385
0 0.206543 0.811198 0.036133 0.088542
0 0.600098 0.781901 0.018555 0.032552
0 0.452637 0.798177 0.028320 0.070312
0 0.265625 0.784505 0.042969 0.069010
0 0.949707 0.782552 0.045898 0.072917
0 0.164062 0.757812 0.023438 0.023438
0 0.527832 0.767578 0.032227 0.055990
0 0.996094 0.746745 0.007812 0.029948
0 0.688965 0.765625 0.047852 0.083333
0 0.012695 0.738932 0.025391 0.035156
0 0.495605 0.729167 0.012695 0.018229
0 0.269043 0.722656 0.030273 0.013021
0 0.402344 0.741536 0.023438 0.058594
0 0.759766 0.718099 0.011719 0.027344
0 0.702637 0.720052 0.026367 0.033854
0 0.072266 0.757161 0.064453 0.108073
0 0.524902 0.709635 0.016602 0.020833
0 0.329590 0.705078 0.024414 0.029948
0 0.194336 0.700521 0.019531 0.028646
0 0.113770 0.697917 0.038086 0.039062
0 0.387207 0.695964 0.028320 0.040365
0 0.250488 0.694010 0.022461 0.039062
0 0.609863 0.693359 0.034180 0.040365
0 0.667480 0.703125 0.034180 0.098958
0 0.381836 0.664062 0.035156 0.023438
0 0.589355 0.660156 0.016602 0.020833
0 0.052734 0.667318 0.029297 0.037760
0 0.556152 0.726562 0.061523 0.164062
0 0.318848 0.662109 0.024414 0.037760
0 0.009766 0.649089 0.019531 0.016927
0 0.112305 0.651042 0.019531 0.023438
0 0.685059 0.624349 0.016602 0.022135
0 0.080566 0.646484 0.018555 0.066406
0 0.466309 0.659505 0.055664 0.100260
0 0.146484 0.633464 0.033203 0.048177
0 0.954102 0.622396 0.037109 0.036458
0 0.156250 0.601562 0.021484 0.018229
0 0.195312 0.630208 0.037109 0.085938
0 0.114258 0.595703 0.013672 0.022135
0 0.905273 0.625651 0.095703 0.084635
0 0.455566 0.594401 0.018555 0.024740
0 0.036133 0.595052 0.029297 0.033854
0 0.412598 0.595703 0.024414 0.042969
0 0.519531 0.585286 0.021484 0.027344
0 0.929199 0.575521 0.028320 0.036458
0 0.624023 0.597656 0.050781 0.083333
0 0.968750 0.574219 0.025391 0.049479
0 0.261230 0.585938 0.051758 0.080729
0 0.729980 0.579427 0.041992 0.088542
0 0.563477 0.579427 0.054688 0.088542
0 0.308105 0.539714 0.024414 0.022135
0 0.457520 0.551432 0.022461 0.055990
0 0.416016 0.537109 0.027344 0.029948
0 0.979492 0.533854 0.031250 0.028646
0 0.601562 0.532552 0.017578 0.033854
0 0.865234 0.638672 0.195312 0.259115
0 0.505371 0.516927 0.022461 0.026042
0 0.156738 0.520182 0.038086 0.032552
0 0.226074 0.514974 0.043945 0.045573
0 0.974121 0.501953 0.010742 0.027344
0 0.104980 0.511068 0.024414 0.061198
0 0.007812 0.503255 0.015625 0.079427
0 0.924316 0.470703 0.018555 0.016927
0 0.644043 0.492188 0.034180 0.070312
0 0.799316 0.465495 0.018555 0.024740
0 0.743164 0.494792 0.048828 0.088542
0 0.234863 0.462240 0.014648 0.023438
0 0.877441 0.494141 0.094727 0.105469
0 0.270996 0.448568 0.022461 0.014323
0 0.124023 0.457682 0.027344 0.037760
0 0.250977 0.447266 0.015625 0.022135
0 0.494141 0.462240 0.029297 0.059896
0 0.949707 0.436849 0.020508 0.019531
0 0.933594 0.444010 0.023438 0.039062
0 0.217773 0.430339 0.019531 0.027344
0 0.356445 0.444661 0.035156 0.058594
0 0.625977 0.421875 0.019531 0.020833
0 0.302246 0.419271 0.020508 0.018229
0 0.200195 0.428385 0.021484 0.036458
0 0.060059 0.414714 0.018555 0.027344
0 0.583496 0.408854 0.028320 0.033854
0 0.535156 0.424479 0.041016 0.075521
0 0.014648 0.402995 0.029297 0.053385
0 0.912109 0.388021 0.009766 0.039062
0 0.334961 0.388672 0.015625 0.048177
0 0.228027 0.378255 0.053711 0.035156
0 0.775391 0.399089 0.054688 0.079427
0 0.126465 0.378906 0.059570 0.065104
0 0.402832 0.401042 0.028320 0.119792
0 0.627441 0.356120 0.030273 0.032552
0 0.503418 0.363932 0.028320 0.055990
0 0.668945 0.347656 0.015625 0.031250
0 0.292969 0.349609 0.041016 0.037760
0 0.552734 0.348958 0.011719 0.044271
0 0.721680 0.340495 0.072266 0.037760
0 0.846680 0.363281 0.085938 0.104167
0 0.874023 0.341797 0.033203 0.069010
0 0.918457 0.323568 0.016602 0.035156
0 0.766602 0.322266 0.013672 0.032552
0 0.973145 0.329427 0.053711 0.052083
0 0.447754 0.333333 0.018555 0.067708
0 0.554199 0.306641 0.022461 0.029948
0 0.838867 0.297526 0.021484 0.019531
0 0.113281 0.308594 0.021484 0.054688
0 0.070312 0.300781 0.029297 0.044271
0 0.346191 0.298828 0.022461 0.048177
0 0.016602 0.291016 0.023438 0.037760
0 0.876953 0.287760 0.056641 0.052083
0 0.240723 0.274740 0.026367 0.031250
0 0.187988 0.279948 0.038086 0.049479
0 0.958496 0.271484 0.026367 0.058594
0 0.793457 0.276042 0.045898 0.067708
0 0.389160 0.253906 0.038086 0.033854
0 0.549805 0.250651 0.017578 0.029948
0 0.138184 0.248698 0.030273 0.031250
0 0.731445 0.258464 0.052734 0.061198
0 0.495117 0.253906 0.025391 0.059896
0 0.597168 0.238281 0.043945 0.036458
0 0.967285 0.219401 0.018555 0.024740
0 0.219727 0.216146 0.017578 0.028646
0 0.562988 0.211589 0.008789 0.032552
0 0.934570 0.198568 0.029297 0.035156
0 0.030762 0.205729 0.030273 0.049479
0 0.833008 0.219401 0.050781 0.082031
0 0.071289 0.190104 0.017578 0.028646
0 0.619141 0.209635 0.031250 0.070312
0 0.726562 0.182292 0.019531 0.028646
0 0.333496 0.203776 0.036133 0.071615
0 0.298340 0.190755 0.012695 0.045573
0 0.687012 0.190755 0.026367 0.053385
0 0.148438 0.194661 0.027344 0.066406
0 0.559082 0.161458 0.024414 0.028646
0 0.012695 0.160807 0.015625 0.029948
0 0.451172 0.183594 0.042969 0.080729
0 0.255859 0.186849 0.042969 0.092448
0 0.478516 0.162760 0.041016 0.057292
0 0.359863 0.145182 0.038086 0.050781
0 0.436035 0.130208 0.016602 0.026042
0 0.881836 0.137370 0.031250 0.042969
0 0.036621 0.130859 0.022461 0.035156
0 0.600586 0.137370 0.025391 0.058594
0 0.218262 0.130208 0.038086 0.059896
0 0.846680 0.122396 0.013672 0.046875
0 0.819336 0.110677 0.023438 0.031250
0 0.111328 0.132161 0.037109 0.074219
0 0.271973 0.104167 0.026367 0.026042
0 0.650879 0.113281 0.038086 0.062500
0 0.467773 0.099609 0.017578 0.037760
0 0.445312 0.093099 0.011719 0.027344
0 0.906250 0.100911 0.054688 0.053385
0 0.226562 0.078125 0.011719 0.020833
0 0.188965 0.139974 0.045898 0.157552
0 0.873047 0.072917 0.021484 0.028646
0 0.031738 0.079427 0.024414 0.044271
0 0.355469 0.069010 0.033203 0.028646
0 0.592773 0.071615 0.023438 0.052083
0 0.711426 0.069661 0.034180 0.063802
0 0.567871 0.072917 0.024414 0.078125
0 0.969727 0.063802 0.042969 0.067708
0 0.272949 0.055339 0.020508 0.055990
0 0.519531 0.052734 0.031250 0.063802
0 0.954590 0.027344 0.024414 0.039062
0 0.212402 0.019531 0.022461 0.026042
0 0.310059 0.020182 0.030273 0.032552
0 0.878906 0.026042 0.019531 0.052083
0 0.796875 0.045573 0.025391 0.091146
0 0.751953 0.013672 0.039062 0.027344
0 0.613770 0.022786 0.038086 0.045573
0 0.479492 0.019531 0.044922 0.039062
0 0.143555 0.014323 0.025391 0.028646
0 0.069336 0.018229 0.044922 0.036458