0 0.551758 0.912109 0.035156 0.014323
0 0.283203 0.896484 0.011719 0.024740
0 0.728516 0.886719 0.013672 0.023438
0 0.054199 0.886068 0.016602 0.029948
0 0.885742 0.873698 0.019531 0.013021
0 0.812500 0.883464 0.039062 0.071615
0 0.760742 0.871745 0.027344 0.048177
0 0.153320 0.865885 0.031250 0.036458
0 0.376465 0.869141 0.041992 0.050781
0 0.311523 0.853516 0.017578 0.022135
0 0.216309 0.845052 0.043945 0.033854
0 0.388672 0.776042 0.009766 0.028646
0 0.776855 0.776042 0.016602 0.039062
0 0.967773 0.744141 0.033203 0.040365
0 0.590332 0.726562 0.012695 0.026042
0 0.407227 0.671224 0.019531 0.019531
0 0.481445 0.675130 0.021484 0.035156
0 0.643555 0.660807 0.013672 0.024740
0 0.858887 0.645182 0.010742 0.022135
0 0.495117 0.634115 0.021484 0.033854
0 0.987793 0.613932 0.024414 0.029948
0 0.040039 0.614583 0.042969 0.039062
0 0.595703 0.590495 0.023438 0.029948
0 0.241211 0.578776 0.035156 0.042969
0 0.687988 0.577474 0.012695 0.048177
0 0.497559 0.545573 0.010742 0.031250
0 0.987305 0.546224 0.013672 0.037760
0 0.270020 0.531250 0.014648 0.018229
0 0.866699 0.522786 0.018555 0.019531
0 0.930664 0.509766 0.046875 0.037760
0 0.233887 0.475911 0.034180 0.027344
0 0.014160 0.449219 0.020508 0.020833
0 0.702637 0.445964 0.010742 0.019531
0 0.981934 0.445964 0.024414 0.029948
0 0.237305 0.423177 0.023438 0.015625
0 0.116699 0.438802 0.041992 0.052083
0 0.686035 0.429036 0.018555 0.035156
0 0.070312 0.432292 0.042969 0.052083
0 0.161133 0.407552 0.035156 0.013021
0 0.699219 0.384766 0.021484 0.029948
0 0.134277 0.374349 0.008789 0.022135
0 0.484863 0.347005 0.077148 0.027344
0 0.950195 0.360026 0.042969 0.061198
0 0.561035 0.358073 0.041992 0.057292
0 0.192871 0.328776 0.024414 0.037760
0 0.851562 0.330729 0.035156 0.046875
0 0.744629 0.285807 0.010742 0.027344
0 0.343262 0.288411 0.034180 0.032552
0 0.771484 0.270833 0.011719 0.028646
0 0.711426 0.257812 0.018555 0.013021
0 0.874512 0.259766 0.014648 0.022135
0 0.909668 0.250651 0.020508 0.014323
0 0.274902 0.251953 0.014648 0.032552
0 0.495605 0.241536 0.032227 0.016927
0 0.728027 0.229818 0.055664 0.040365
0 0.646484 0.220052 0.015625 0.020833
0 0.081055 0.227214 0.056641 0.058594
0 0.904785 0.158203 0.030273 0.016927
0 0.593262 0.150391 0.012695 0.027344
0 0.614746 0.147135 0.008789 0.036458
0 0.873047 0.138021 0.027344 0.023438
0 0.267090 0.172526 0.059570 0.095052
0 0.030273 0.127604 0.011719 0.026042
0 0.790039 0.117188 0.015625 0.020833
0 0.598633 0.110677 0.013672 0.026042
0 0.276367 0.100911 0.019531 0.022135
0 0.046387 0.099609 0.020508 0.022135
0 0.331543 0.093099 0.016602 0.016927
0 0.795410 0.077474 0.014648 0.019531
0 0.459961 0.072917 0.019531 0.013021
0 0.165527 0.101562 0.024414 0.085938
0 0.528809 0.064453 0.018555 0.016927
0 0.410156 0.083333 0.072266 0.065104
0 0.852051 0.063802 0.030273 0.033854
0 0.779785 0.046875 0.020508 0.015625
0 0.690918 0.049479 0.028320 0.049479
0 0.867676 0.010417 0.020508 0.020833
0 0.757324 0.010417 0.024414 0.020833
0 0.567383 0.014323 0.009766 0.028646
0 0.358398 0.631510 0.056641 0.044271
0 0.363281 0.555339 0.074219 0.055990
0 0.167480 0.629557 0.043945 0.082031
0 0.391113 0.708984 0.022461 0.055990