0 0.283691 0.914714 0.028320 0.009115
0 0.660156 0.901042 0.013672 0.020833
0 0.168945 0.902995 0.021484 0.032552
0 0.019531 0.899740 0.039062 0.026042
0 0.280273 0.893880 0.015625 0.019531
0 0.606445 0.882161 0.039062 0.024740
0 0.691406 0.877604 0.039062 0.031250
0 0.757812 0.888672 0.083984 0.061198
0 0.294922 0.858724 0.025391 0.027344
0 0.655273 0.853516 0.029297 0.048177
0 0.990234 0.840495 0.019531 0.053385
0 0.334961 0.825521 0.019531 0.033854
0 0.909180 0.795573 0.023438 0.023438
0 0.974121 0.767578 0.051758 0.024740
0 0.968262 0.729818 0.018555 0.011719
0 0.517090 0.722005 0.032227 0.045573
0 0.530273 0.684896 0.011719 0.026042
0 0.427734 0.710938 0.083984 0.153646
0 0.495117 0.626302 0.019531 0.018229
0 0.607910 0.624349 0.012695 0.027344
0 0.255371 0.630208 0.032227 0.044271
0 0.436523 0.623698 0.035156 0.046875
0 0.776367 0.603516 0.048828 0.022135
0 0.540527 0.620443 0.069336 0.082031
0 0.597168 0.582031 0.022461 0.023438
0 0.936523 0.579427 0.041016 0.020833
0 0.311523 0.569010 0.017578 0.018229
0 0.626953 0.553385 0.029297 0.031250
0 0.141113 0.546875 0.022461 0.028646
0 0.340820 0.542318 0.029297 0.032552
0 0.693848 0.482422 0.018555 0.022135
0 0.075195 0.427734 0.021484 0.029948
0 0.679688 0.444661 0.113281 0.152344
0 0.113281 0.381510 0.031250 0.044271
0 0.070801 0.327474 0.043945 0.048177
0 0.399414 0.335938 0.064453 0.080729
0 0.976074 0.296875 0.047852 0.080729
0 0.766113 0.260417 0.018555 0.028646
0 0.370605 0.265625 0.038086 0.067708
0 0.816895 0.239583 0.067383 0.044271
0 0.750977 0.218099 0.044922 0.032552
0 0.209473 0.193359 0.022461 0.019531
0 0.566895 0.163411 0.038086 0.079427
0 0.750488 0.067708 0.014648 0.013021
0 0.407715 0.068359 0.067383 0.037760
0 0.844238 0.055339 0.124023 0.110677
0 0.822754 0.026042 0.057617 0.052083
0 0.611328 0.029948 0.042969 0.059896
0 0.451172 0.020182 0.019531 0.040365
0 0.207520 0.035156 0.047852 0.070312
0 0.152344 0.027344 0.078125 0.054688
0 0.034668 0.068359 0.069336 0.136719
0 0.277344 0.171224 0.082031 0.089844
0 0.246094 0.561849 0.054688 0.058594
0 0.049316 0.625651 0.055664 0.110677
0 0.079102 0.216146 0.052734 0.070312