1 0.47998046875 0.2682291666666667 0.0361328125 0.041666666666666664
1 0.310546875 0.451171875 0.087890625 0.10286458333333333
1 0.1943359375 0.6080729166666666 0.048828125 0.057291666666666664
1 0.5908203125 0.7923177083333334 0.046875 0.06901041666666667
1 0.34814453125 0.8216145833333334 0.0205078125 0.028645833333333332
1 0.63427734375 0.86328125 0.0361328125 0.044270833333333336
1 0.81298828125 0.6881510416666666 0.0361328125 0.05078125
1 0.4638671875 0.5891927083333334 0.037109375 0.05859375
1 0.50830078125 0.6178385416666666 0.0419921875 0.07942708333333333
1 0.88525390625 0.578125 0.0400390625 0.078125
1 0.939453125 0.5052083333333334 0.033203125 0.049479166666666664
1 0.5966796875 0.043619791666666664 0.05859375 0.07942708333333333
1 0.220703125 0.059895833333333336 0.09765625 0.09895833333333333
1 0.93017578125 0.24088541666666666 0.0224609375 0.03125
1 0.8857421875 0.20182291666666666 0.021484375 0.0390625
1 0.49462890625 0.8828125 0.0205078125 0.028645833333333332