1 0.15966796875 0.18424479166666666 0.0439453125 0.03515625
1 0.1044921875 0.20833333333333334 0.0390625 0.0234375
1 0.2958984375 0.18880208333333334 0.0390625 0.059895833333333336
1 0.43798828125 0.251953125 0.0361328125 0.06640625
1 0.4404296875 0.3977864583333333 0.025390625 0.024739583333333332
1 0.24755859375 0.4615885416666667 0.0419921875 0.04296875
1 0.2119140625 0.5208333333333334 0.041015625 0.020833333333333332
1 0.41259765625 0.6946614583333334 0.0517578125 0.048177083333333336
1 0.5693359375 0.34765625 0.033203125 0.0703125
1 0.6201171875 0.353515625 0.0234375 0.053385416666666664
1 0.68017578125 0.50390625 0.0400390625 0.06770833333333333