1 0.140234375 0.7811890838206628 0.01640625 0.028265107212475632
1 0.202734375 0.8114035087719298 0.02890625 0.02046783625730994
1 0.22734375 0.7914230019493177 0.01875 0.017543859649122806
1 0.25 0.8138401559454191 0.0203125 0.023391812865497075
1 0.20703125 0.8518518518518519 0.021875 0.029239766081871343
1 0.280078125 0.8221247563352827 0.01640625 0.016569200779727095
1 0.358203125 0.851364522417154 0.01640625 0.024366471734892786
1 0.373828125 0.8494152046783626 0.00859375 0.030214424951267055
1 0.387109375 0.8123781676413255 0.01015625 0.028265107212475632
1 0.408203125 0.8123781676413255 0.01484375 0.0341130604288499
1 0.432421875 0.7992202729044834 0.01171875 0.023391812865497075
1 0.42265625 0.851364522417154 0.01875 0.018518518518518517
1 0.427734375 0.8942495126705653 0.02109375 0.02631578947368421
1 0.48984375 0.8703703703703703 0.0171875 0.02729044834307992
1 0.063671875 0.1189083820662768 0.02421875 0.005847953216374269
1 0.033203125 0.1466861598440546 0.01484375 0.016569200779727095
1 0.058984375 0.14571150097465888 0.01328125 0.012670565302144249
1 0.11328125 0.09405458089668615 0.0125 0.012670565302144249
1 0.133203125 0.12134502923976608 0.01484375 0.016569200779727095
1 0.08125 0.07504873294346978 0.0265625 0.011695906432748537
1 0.112109375 0.025828460038986353 0.01015625 0.010721247563352826
1 0.16171875 0.09454191033138401 0.0109375 0.031189083820662766
1 0.192578125 0.025341130604288498 0.01328125 0.011695906432748537
1 0.219140625 0.06481481481481481 0.01640625 0.018518518518518517
1 0.28828125 0.08235867446393762 0.021875 0.010721247563352826
1 0.3609375 0.04191033138401559 0.0203125 0.011695906432748537
1 0.4 0.10769980506822611 0.01875 0.018518518518518517
1 0.4171875 0.01705653021442495 0.015625 0.018518518518518517
1 0.47578125 0.07309941520467836 0.0125 0.01949317738791423
1 0.437890625 0.11403508771929824 0.01171875 0.025341130604288498
1 0.52421875 0.006335282651072124 0.0203125 0.008771929824561403
1 0.518359375 0.08771929824561403 0.01484375 0.01364522417153996
1 0.58671875 0.009746588693957114 0.021875 0.015594541910331383
1 0.607421875 0.041423001949317736 0.01484375 0.02046783625730994
1 0.603125 0.06481481481481481 0.0203125 0.014619883040935672
1 0.671875 0.003898635477582846 0.0234375 0.007797270955165692
1 0.120703125 0.5160818713450293 0.01953125 0.02046783625730994
1 0.173046875 0.3898635477582846 0.01328125 0.021442495126705652
1 0.188671875 0.40009746588693956 0.00859375 0.02631578947368421
1 0.01640625 0.24707602339181287 0.0234375 0.02046783625730994
1 0.017578125 0.30994152046783624 0.01640625 0.017543859649122806
1 0.121875 0.31773879142300193 0.01875 0.01949317738791423
1 0.15390625 0.2802144249512671 0.0140625 0.014619883040935672
1 0.158984375 0.20955165692007796 0.01328125 0.021442495126705652
1 0.164453125 0.15204678362573099 0.01015625 0.01364522417153996
1 0.2 0.1783625730994152 0.01875 0.017543859649122806
1 0.240625 0.15789473684210525 0.0109375 0.01949317738791423
1 0.13671875 0.14083820662768032 0.0234375 0.010721247563352826
1 0.396484375 0.17105263157894737 0.02109375 0.018518518518518517
1 0.321484375 0.1915204678362573 0.02421875 0.024366471734892786
1 0.208984375 0.31920077972709554 0.02890625 0.014619883040935672
1 0.253515625 0.3538011695906433 0.01640625 0.021442495126705652
1 0.29609375 0.3503898635477583 0.021875 0.02046783625730994
1 0.30859375 0.41033138401559455 0.0234375 0.01364522417153996
1 0.371875 0.43079922027290446 0.021875 0.009746588693957114
1 0.311328125 0.4600389863547758 0.01015625 0.015594541910331383
1 0.340234375 0.4800194931773879 0.02265625 0.024366471734892786
1 0.146875 0.5146198830409356 0.015625 0.015594541910331383
1 0.163671875 0.4790448343079922 0.02109375 0.008771929824561403
1 0.014453125 0.38596491228070173 0.01015625 0.01364522417153996
1 0.012109375 0.4093567251461988 0.01015625 0.011695906432748537
1 0.0890625 0.36208576998050684 0.0140625 0.014619883040935672
1 0.132421875 0.5589668615984406 0.02421875 0.02631578947368421
1 0.172265625 0.5326510721247564 0.01484375 0.022417153996101363
1 0.28046875 0.5292397660818714 0.0265625 0.017543859649122806
1 0.283203125 0.5604288499025342 0.04609375 0.01949317738791423
1 0.3875 0.5901559454191033 0.025 0.02046783625730994
1 0.261328125 0.5896686159844055 0.02109375 0.01949317738791423
1 0.267578125 0.6257309941520468 0.02109375 0.015594541910331383
1 0.302734375 0.6666666666666666 0.02109375 0.017543859649122806
1 0.309765625 0.7085769980506823 0.02421875 0.007797270955165692
1 0.148828125 0.6471734892787524 0.02578125 0.025341130604288498
1 0.0703125 0.6608187134502924 0.03125 0.025341130604288498
1 0.070703125 0.7080896686159844 0.02734375 0.022417153996101363
1 0.11015625 0.6920077972709552 0.015625 0.017543859649122806
1 0.01875 0.7807017543859649 0.03125 0.015594541910331383
1 0.01875 0.8021442495126706 0.0328125 0.017543859649122806
1 0.05390625 0.7953216374269005 0.0171875 0.025341130604288498
1 0.684375 0.526803118908382 0.0234375 0.024366471734892786
1 0.463671875 0.19980506822612085 0.01796875 0.017543859649122806
1 0.49765625 0.3050682261208577 0.01875 0.03313840155945419
1 0.427734375 0.29434697855750486 0.02421875 0.02729044834307992
1 0.44453125 0.3382066276803119 0.021875 0.015594541910331383
1 0.4390625 0.37280701754385964 0.0171875 0.028265107212475632
1 0.370703125 0.34405458089668617 0.01484375 0.01949317738791423
1 0.323828125 0.34454191033138404 0.00859375 0.012670565302144249
1 0.508984375 0.38499025341130605 0.04296875 0.025341130604288498
1 0.42734375 0.4195906432748538 0.021875 0.012670565302144249
1 0.49375 0.4264132553606238 0.0171875 0.02046783625730994
1 0.523046875 0.5443469785575049 0.02578125 0.02046783625730994
1 0.70390625 0.8932748538011696 0.0140625 0.014619883040935672
1 0.7 0.7616959064327485 0.015625 0.014619883040935672
1 0.478515625 0.7899610136452242 0.01640625 0.0341130604288499
1 0.4015625 0.7529239766081871 0.01875 0.028265107212475632
1 0.26796875 0.7485380116959064 0.0296875 0.021442495126705652
1 0.58515625 0.3489278752436647 0.0234375 0.031189083820662766
1 0.640234375 0.37183235867446396 0.02109375 0.02046783625730994
1 0.6515625 0.7168615984405458 0.01875 0.018518518518518517
1 0.526171875 0.6213450292397661 0.01953125 0.016569200779727095
1 0.551953125 0.48879142300194933 0.00546875 0.02046783625730994
1 0.579296875 0.46539961013645226 0.01484375 0.030214424951267055
1 0.593359375 0.9005847953216374 0.03515625 0.03313840155945419
1 0.734375 0.005360623781676413 0.0203125 0.008771929824561403