0 0.595703125 0.8880208333333334 0.009765625 0.015625
0 0.00634765625 0.8580729166666666 0.0126953125 0.018229166666666668
0 0.041015625 0.8470052083333334 0.0078125 0.01171875
0 0.42236328125 0.798828125 0.0166015625 0.009114583333333334
0 0.71728515625 0.734375 0.0087890625 0.026041666666666668
0 0.00439453125 0.7102864583333334 0.0087890625 0.01953125
0 0.15380859375 0.6080729166666666 0.0146484375 0.013020833333333334
0 0.00927734375 0.599609375 0.0185546875 0.02734375
0 0.00634765625 0.556640625 0.0126953125 0.01171875
0 0.31298828125 0.5345052083333334 0.0126953125 0.01171875
0 0.78515625 0.5227864583333334 0.009765625 0.01171875
0 0.00439453125 0.490234375 0.0087890625 0.01171875
0 0.00634765625 0.4583333333333333 0.0126953125 0.015625
0 0.70849609375 0.3671875 0.0087890625 0.010416666666666666
0 0.59423828125 0.3125 0.0087890625 0.010416666666666666
0 0.00390625 0.3053385416666667 0.0078125 0.024739583333333332
0 0.5205078125 0.2610677083333333 0.0078125 0.01171875
0 0.62353515625 0.15950520833333334 0.0146484375 0.01171875
0 0.6650390625 0.13216145833333334 0.0078125 0.014322916666666666
0 0.00390625 0.125 0.0078125 0.013020833333333334
0 0.12939453125 0.083984375 0.0087890625 0.01171875
0 0.76611328125 0.083984375 0.0068359375 0.016927083333333332
0 0.8828125 0.07356770833333333 0.0078125 0.01171875
0 0.78466796875 0.050130208333333336 0.0087890625 0.01171875
0 0.1318359375 0.016276041666666668 0.01171875 0.009114583333333334
0 0.93310546875 0.007161458333333333 0.0146484375 0.014322916666666666
0 0.0029296875 0.008463541666666666 0.005859375 0.016927083333333332