1 0.874609375 0.9195906432748538 0.03203125 0.02046783625730994
1 0.439453125 0.9093567251461988 0.01328125 0.01364522417153996
1 0.575390625 0.9074074074074074 0.03046875 0.017543859649122806
1 0.525390625 0.9064327485380117 0.01796875 0.03508771929824561
1 0.15625 0.8957115009746589 0.021875 0.023391812865497075
1 0.54921875 0.8893762183235867 0.0203125 0.014619883040935672
1 0.787890625 0.8538011695906432 0.04765625 0.015594541910331383
1 0.474609375 0.8567251461988304 0.04609375 0.025341130604288498
1 0.932421875 0.8489278752436648 0.01171875 0.011695906432748537
1 0.86796875 0.8581871345029239 0.0171875 0.03216374269005848
1 0.43828125 0.827485380116959 0.0203125 0.01949317738791423
1 0.9296875 0.8240740740740741 0.0109375 0.022417153996101363
1 0.994140625 0.8255360623781677 0.01171875 0.03898635477582846
1 0.122265625 0.8172514619883041 0.02265625 0.022417153996101363
1 0.261328125 0.8138401559454191 0.04453125 0.01949317738791423
1 0.151171875 0.8118908382066277 0.02109375 0.015594541910331383
1 0.522265625 0.8162768031189084 0.03203125 0.030214424951267055
1 0.40625 0.8070175438596491 0.0140625 0.011695906432748537
1 0.812109375 0.8060428849902534 0.01484375 0.01364522417153996
1 0.359375 0.8011695906432749 0.0125 0.01364522417153996
1 0.17890625 0.7928849902534113 0.0125 0.018518518518518517
1 0.3328125 0.7826510721247564 0.0234375 0.01364522417153996
1 0.55546875 0.7826510721247564 0.0546875 0.025341130604288498
1 0.48515625 0.7797270955165692 0.028125 0.01949317738791423
1 0.70234375 0.7699805068226121 0.0375 0.017543859649122806
1 0.633203125 0.7616959064327485 0.01796875 0.03216374269005848
1 0.401953125 0.7616959064327485 0.03984375 0.04775828460038986
1 0.037109375 0.7456140350877193 0.02265625 0.021442495126705652
1 0.355078125 0.7470760233918129 0.03203125 0.038011695906432746
1 0.462890625 0.716374269005848 0.00859375 0.017543859649122806
1 0.303125 0.7192982456140351 0.0109375 0.023391812865497075
1 0.09921875 0.7173489278752436 0.0109375 0.023391812865497075
1 0.2671875 0.7217348927875243 0.0359375 0.0341130604288499
1 0.909375 0.7037037037037037 0.015625 0.015594541910331383
1 0.7125 0.6978557504873294 0.046875 0.01364522417153996
1 0.184765625 0.7046783625730995 0.05546875 0.03508771929824561
1 0.982421875 0.6944444444444444 0.03515625 0.03216374269005848
1 0.315625 0.6851851851851852 0.009375 0.01949317738791423
1 0.0140625 0.7017543859649122 0.028125 0.05263157894736842
1 0.856640625 0.6793372319688109 0.01171875 0.01364522417153996
1 0.583984375 0.6491228070175439 0.01796875 0.021442495126705652
1 0.241015625 0.6135477582846004 0.02109375 0.012670565302144249
1 0.962890625 0.5921052631578947 0.01484375 0.018518518518518517
1 0.8109375 0.5882066276803118 0.0125 0.010721247563352826
1 0.040625 0.5838206627680312 0.015625 0.023391812865497075
1 0.986328125 0.5760233918128655 0.02734375 0.017543859649122806
1 0.937890625 0.5584795321637427 0.01171875 0.01364522417153996
1 0.56796875 0.5423976608187134 0.0328125 0.030214424951267055
1 0.005078125 0.5365497076023392 0.01015625 0.018518518518518517
1 0.231640625 0.5321637426900585 0.01171875 0.01364522417153996
1 0.740234375 0.5190058479532164 0.02578125 0.024366471734892786
1 0.3015625 0.5209551656920078 0.053125 0.038011695906432746
1 0.6875 0.5053606237816765 0.0140625 0.016569200779727095
1 0.5125 0.5185185185185185 0.0484375 0.04873294346978557
1 0.0421875 0.49610136452241715 0.01875 0.007797270955165692
1 0.189453125 0.5073099415204678 0.01171875 0.03216374269005848
1 0.01015625 0.4946393762183236 0.0203125 0.014619883040935672
1 0.15 0.4926900584795322 0.028125 0.014619883040935672
1 0.914453125 0.489766081871345 0.00859375 0.012670565302144249
1 0.62578125 0.49074074074074076 0.009375 0.016569200779727095
1 0.533984375 0.48050682261208577 0.05078125 0.017543859649122806
1 0.96796875 0.48879142300194933 0.05 0.04191033138401559
1 0.11953125 0.4790448343079922 0.025 0.02631578947368421
1 0.79140625 0.5024366471734892 0.0921875 0.0769980506822612
1 0.486328125 0.4692982456140351 0.01640625 0.014619883040935672
1 0.918359375 0.4702729044834308 0.01796875 0.018518518518518517
1 0.044140625 0.46881091617933723 0.04140625 0.021442495126705652
1 0.8953125 0.459551656920078 0.0234375 0.02046783625730994
1 0.13125 0.459551656920078 0.03125 0.024366471734892786
1 0.09609375 0.4405458089668616 0.0171875 0.017543859649122806
1 0.6875 0.4337231968810916 0.053125 0.01949317738791423
1 0.335546875 0.43128654970760233 0.02890625 0.024366471734892786
1 0.316015625 0.4137426900584795 0.00859375 0.018518518518518517
1 0.656640625 0.3854775828460039 0.02578125 0.02631578947368421
1 0.2296875 0.3786549707602339 0.0234375 0.022417153996101363
1 0.542578125 0.3732943469785575 0.02578125 0.029239766081871343
1 0.949609375 0.358187134502924 0.01015625 0.012670565302144249
1 0.884375 0.33966861598440545 0.034375 0.014619883040935672
1 0.333203125 0.3308966861598441 0.01171875 0.010721247563352826
1 0.068359375 0.3347953216374269 0.02265625 0.02046783625730994
1 0.993359375 0.3172514619883041 0.01328125 0.012670565302144249
1 0.841796875 0.31676413255360625 0.02265625 0.017543859649122806
1 0.52265625 0.3148148148148148 0.0640625 0.015594541910331383
1 0.275 0.31140350877192985 0.0109375 0.016569200779727095
1 0.8421875 0.297270955165692 0.0203125 0.007797270955165692
1 0.141796875 0.3104288499025341 0.06015625 0.05555555555555555
1 0.660546875 0.29678362573099415 0.03203125 0.030214424951267055
1 0.88828125 0.27826510721247566 0.0171875 0.014619883040935672
1 0.812109375 0.2709551656920078 0.03203125 0.03508771929824561
1 0.457421875 0.26120857699805067 0.03203125 0.023391812865497075
1 0.98828125 0.25877192982456143 0.0234375 0.02631578947368421
1 0.962890625 0.25292397660818716 0.01953125 0.018518518518518517
1 0.56328125 0.24074074074074073 0.0296875 0.029239766081871343
1 0.40234375 0.23391812865497075 0.03125 0.02729044834307992
1 0.140234375 0.18421052631578946 0.01953125 0.009746588693957114
1 0.938671875 0.1905458089668616 0.05390625 0.0594541910331384
1 0.156640625 0.17495126705653022 0.01328125 0.03216374269005848
1 0.061328125 0.1739766081871345 0.01171875 0.03216374269005848
1 0.73828125 0.1617933723196881 0.0375 0.02729044834307992
1 0.359765625 0.15058479532163743 0.03515625 0.024366471734892786
1 0.221484375 0.145224171539961 0.01484375 0.017543859649122806
1 0.258203125 0.13840155945419103 0.01484375 0.029239766081871343
1 0.1953125 0.11939571150097465 0.0109375 0.012670565302144249
1 0.026953125 0.12426900584795321 0.02421875 0.04191033138401559
1 0.526171875 0.10575048732943469 0.01015625 0.016569200779727095
1 0.902734375 0.10818713450292397 0.02734375 0.02729044834307992
1 0.85625 0.09844054580896686 0.01875 0.01364522417153996
1 0.465625 0.10769980506822611 0.0296875 0.0341130604288499
1 0.748046875 0.09990253411306042 0.03671875 0.02631578947368421
1 0.43359375 0.08820662768031189 0.009375 0.012670565302144249
1 0.262890625 0.0726120857699805 0.01484375 0.010721247563352826
1 0.81484375 0.07846003898635477 0.025 0.02631578947368421
1 0.991796875 0.07943469785575048 0.01640625 0.03216374269005848
1 0.6359375 0.07602339181286549 0.0359375 0.025341130604288498
1 0.90703125 0.0594541910331384 0.0265625 0.015594541910331383
1 0.0875 0.03996101364522417 0.0234375 0.011695906432748537
1 0.521484375 0.030214424951267055 0.06796875 0.031189083820662766
1 0.95 0.019980506822612085 0.015625 0.02046783625730994
1 0.703125 0.012183235867446393 0.0203125 0.012670565302144249
1 0.85234375 0.014132553606237816 0.0234375 0.028265107212475632
1 0.103125 0.014619883040935672 0.009375 0.029239766081871343
1 0.08671875 0.01023391812865497 0.0109375 0.02046783625730994
1 0.055078125 0.017543859649122806 0.03359375 0.03508771929824561