1 0.6703125 0.9113060428849903 0.0109375 0.015594541910331383
1 0.346484375 0.9113060428849903 0.02109375 0.021442495126705652
1 0.74921875 0.8961988304093568 0.0109375 0.014619883040935672
1 0.61796875 0.9005847953216374 0.015625 0.02729044834307992
1 0.24453125 0.9000974658869396 0.021875 0.02631578947368421
1 0.412109375 0.8961988304093568 0.01484375 0.024366471734892786
1 0.185546875 0.8874269005847953 0.01484375 0.014619883040935672
1 0.9328125 0.8888888888888888 0.0390625 0.042884990253411304
1 0.521875 0.8786549707602339 0.0140625 0.028265107212475632
1 0.43359375 0.8693957115009746 0.0171875 0.01364522417153996
1 0.98046875 0.8737816764132553 0.0390625 0.03216374269005848
1 0.852734375 0.871832358674464 0.08046875 0.08089668615984405
1 0.578515625 0.847953216374269 0.04296875 0.03508771929824561
1 0.458203125 0.8352826510721247 0.02578125 0.02729044834307992
1 0.905859375 0.8201754385964912 0.01640625 0.02046783625730994
1 0.11015625 0.8299220272904484 0.059375 0.06335282651072124
1 0.319140625 0.7792397660818714 0.03046875 0.014619883040935672
1 0.283984375 0.8255360623781677 0.17421875 0.11695906432748537
1 0.94765625 0.7884990253411306 0.0421875 0.04483430799220273
1 0.52421875 0.7743664717348928 0.0265625 0.024366471734892786
1 0.98671875 0.7626705653021443 0.0265625 0.03216374269005848
1 0.451171875 0.7577972709551657 0.04765625 0.024366471734892786
1 0.296875 0.7402534113060428 0.0203125 0.02046783625730994
1 0.21484375 0.7285575048732943 0.0453125 0.028265107212475632
1 0.47890625 0.7305068226120858 0.021875 0.0341130604288499
1 0.162109375 0.7485380116959064 0.03359375 0.07602339181286549
1 0.4046875 0.706140350877193 0.0546875 0.049707602339181284
1 0.6140625 0.6744639376218323 0.0109375 0.01364522417153996
1 0.85234375 0.6798245614035088 0.0375 0.028265107212475632
1 0.356640625 0.6622807017543859 0.04296875 0.04775828460038986
1 0.241015625 0.6515594541910331 0.02578125 0.030214424951267055
1 0.883203125 0.6500974658869396 0.01640625 0.029239766081871343
1 0.143359375 0.6354775828460039 0.02734375 0.015594541910331383
1 0.170703125 0.6364522417153996 0.01640625 0.01949317738791423
1 0.96796875 0.6608187134502924 0.0640625 0.08382066276803118
1 0.3671875 0.6228070175438597 0.015625 0.017543859649122806
1 0.010546875 0.6076998050682261 0.02109375 0.012670565302144249
1 0.44296875 0.6193957115009746 0.0953125 0.06335282651072124
1 0.994921875 0.5882066276803118 0.01015625 0.012670565302144249
1 0.865625 0.5955165692007798 0.03125 0.031189083820662766
1 0.224609375 0.5921052631578947 0.03828125 0.04191033138401559
1 0.053515625 0.577485380116959 0.01953125 0.022417153996101363
1 0.498828125 0.5769980506822612 0.03203125 0.029239766081871343
1 0.603515625 0.5653021442495126 0.01328125 0.01949317738791423
1 0.010546875 0.5594541910331384 0.02109375 0.01364522417153996
1 0.563671875 0.6169590643274854 0.09609375 0.13840155945419103
1 0.73046875 0.5550682261208577 0.0234375 0.016569200779727095
1 0.844921875 0.5492202729044834 0.02421875 0.018518518518518517
1 0.41171875 0.5331384015594542 0.021875 0.03508771929824561
1 0.44453125 0.5258284600389863 0.0296875 0.024366471734892786
1 0.103125 0.5492202729044834 0.0625 0.08284600389863547
1 0.575390625 0.5126705653021443 0.01953125 0.025341130604288498
1 0.55390625 0.5058479532163743 0.0125 0.01364522417153996
1 0.4015625 0.5004873294346979 0.0078125 0.016569200779727095
1 0.17890625 0.5292397660818714 0.1234375 0.10526315789473684
1 0.178515625 0.4848927875243665 0.01171875 0.028265107212475632
1 0.918359375 0.5175438596491229 0.11953125 0.1111111111111111
1 0.990234375 0.4673489278752437 0.01953125 0.022417153996101363
1 0.851953125 0.4600389863547758 0.01328125 0.023391812865497075
1 0.133203125 0.4615009746588694 0.05234375 0.043859649122807015
1 0.944140625 0.4269005847953216 0.11171875 0.06042884990253411
1 0.890625 0.4039961013645224 0.0140625 0.022417153996101363
1 0.31484375 0.4117933723196881 0.046875 0.04191033138401559
1 0.732421875 0.39230019493177387 0.02734375 0.02046783625730994
1 0.839453125 0.4064327485380117 0.08984375 0.0682261208576998
1 0.27109375 0.37037037037037035 0.0328125 0.02729044834307992
1 0.940234375 0.35477582846003897 0.08671875 0.05847953216374269
1 0.972265625 0.30360623781676416 0.05546875 0.07309941520467836
1 0.32265625 0.26364522417153996 0.0234375 0.03216374269005848
1 0.424609375 0.2680311890838207 0.03203125 0.04873294346978557
1 0.574609375 0.24269005847953215 0.01328125 0.015594541910331383
1 0.966796875 0.23635477582846004 0.06640625 0.036062378167641324
1 0.705078125 0.23196881091617932 0.05703125 0.029239766081871343
1 0.461328125 0.2149122807017544 0.02265625 0.036062378167641324
1 0.812109375 0.19736842105263158 0.01640625 0.012670565302144249
1 0.075390625 0.20029239766081872 0.01953125 0.018518518518518517
1 0.3453125 0.2080896686159844 0.015625 0.03996101364522417
1 0.91328125 0.1915204678362573 0.015625 0.02046783625730994
1 0.98125 0.18226120857699804 0.0140625 0.01949317738791423
1 0.753515625 0.19639376218323587 0.07109375 0.05555555555555555
1 0.80390625 0.17007797270955166 0.01875 0.008771929824561403
1 0.550390625 0.18908382066276802 0.02890625 0.06042884990253411
1 0.070703125 0.16130604288499026 0.01015625 0.010721247563352826
1 0.490625 0.1564327485380117 0.0171875 0.02631578947368421
1 0.37578125 0.15497076023391812 0.0421875 0.025341130604288498
1 0.319921875 0.16812865497076024 0.04609375 0.06335282651072124
1 0.430078125 0.155458089668616 0.04921875 0.05360623781676413
1 0.7390625 0.13840155945419103 0.0484375 0.03898635477582846
1 0.17578125 0.1310916179337232 0.0171875 0.02631578947368421
1 0.927734375 0.1232943469785575 0.01171875 0.014619883040935672
1 0.873828125 0.1189083820662768 0.05703125 0.06237816764132553
1 0.9796875 0.06432748538011696 0.040625 0.021442495126705652
1 0.390234375 0.023391812865497075 0.03203125 0.04093567251461988
1 0.983203125 0.01949317738791423 0.03359375 0.03898635477582846
1 0.8546875 0.021442495126705652 0.0703125 0.042884990253411304
1 0.72421875 0.004873294346978557 0.0328125 0.009746588693957114
1 0.691015625 0.017543859649122806 0.02734375 0.03508771929824561
1 0.609375 0.019980506822612085 0.078125 0.03996101364522417
1 0.474609375 0.06042884990253411 0.13046875 0.12085769980506822
1 0.4515625 0.007309941520467836 0.03125 0.014619883040935672
1 0.346484375 0.009746588693957114 0.01171875 0.01949317738791423
1 0.259375 0.04873294346978557 0.1390625 0.09746588693957114
1 0.030078125 0.02290448343079922 0.02265625 0.04580896686159844