1 0.234765625 0.8528265107212476 0.02265625 0.02729044834307992
1 0.859765625 0.8216374269005848 0.03046875 0.042884990253411304
1 0.210546875 0.8109161793372319 0.02578125 0.029239766081871343
1 0.56171875 0.8109161793372319 0.0203125 0.03313840155945419
1 0.848828125 0.7919103313840156 0.01640625 0.014619883040935672
1 0.51328125 0.7548732943469786 0.0171875 0.018518518518518517
1 0.791015625 0.7392787524366472 0.01796875 0.012670565302144249
1 0.144921875 0.776803118908382 0.08828125 0.09161793372319688
1 0.360546875 0.7407407407407407 0.01640625 0.031189083820662766
1 0.0875 0.7192982456140351 0.0609375 0.05263157894736842
1 0.7421875 0.7144249512670565 0.0765625 0.06432748538011696
1 0.219140625 0.7305068226120858 0.06328125 0.11598440545808966
1 0.1234375 0.6793372319688109 0.0125 0.01364522417153996
1 0.466796875 0.6671539961013645 0.01484375 0.014619883040935672
1 0.02578125 0.7085769980506823 0.0515625 0.10916179337231968
1 0.2421875 0.655458089668616 0.021875 0.012670565302144249
1 0.533203125 0.6871345029239766 0.08203125 0.09746588693957114
1 0.432421875 0.7261208576998051 0.14921875 0.18518518518518517
1 0.97734375 0.6588693957115009 0.0453125 0.06042884990253411
1 0.83203125 0.6583820662768031 0.0390625 0.06140350877192982
1 0.0625 0.6189083820662769 0.0234375 0.037037037037037035
1 0.425390625 0.5487329434697856 0.01640625 0.023391812865497075
1 0.04375 0.5409356725146199 0.0578125 0.056530214424951264
1 0.049609375 0.48879142300194933 0.01328125 0.010721247563352826
1 0.01796875 0.4926900584795322 0.0359375 0.06530214424951267
1 0.329296875 0.4298245614035088 0.04453125 0.029239766081871343
1 0.03984375 0.41764132553606237 0.021875 0.022417153996101363
1 0.6765625 0.42105263157894735 0.0296875 0.056530214424951264
1 0.393359375 0.398635477582846 0.01796875 0.025341130604288498
1 0.961328125 0.4220272904483431 0.07734375 0.0935672514619883
1 0.249609375 0.40497076023391815 0.13515625 0.11403508771929824
1 0.548828125 0.3406432748538012 0.03671875 0.03216374269005848
1 0.03203125 0.32748538011695905 0.04375 0.037037037037037035
1 0.665625 0.33723196881091616 0.121875 0.09941520467836257
1 0.291015625 0.33528265107212474 0.15546875 0.13060428849902533
1 0.37578125 0.2953216374269006 0.0328125 0.056530214424951264
1 0.93203125 0.2831384015594542 0.040625 0.05165692007797271
1 0.971875 0.2680311890838207 0.0140625 0.03313840155945419
1 0.48125 0.2573099415204678 0.0203125 0.017543859649122806
1 0.905078125 0.25146198830409355 0.01171875 0.015594541910331383
1 0.2953125 0.22270955165692008 0.01875 0.02631578947368421
1 0.3828125 0.21393762183235868 0.040625 0.030214424951267055
1 0.934765625 0.1827485380116959 0.02265625 0.028265107212475632
1 0.402734375 0.17348927875243664 0.02734375 0.04483430799220273
1 0.032421875 0.1364522417153996 0.06484375 0.06042884990253411
1 0.796484375 0.11159844054580896 0.02578125 0.024366471734892786
1 0.232421875 0.10818713450292397 0.01328125 0.01949317738791423
1 0.113671875 0.19200779727095516 0.22734375 0.2573099415204678
1 0.23046875 0.0804093567251462 0.0453125 0.043859649122807015
1 0.820703125 0.20906432748538012 0.19921875 0.30701754385964913
1 0.28359375 0.10818713450292397 0.15 0.13450292397660818
1 0.128515625 0.08284600389863547 0.04921875 0.08576998050682261
1 0.6453125 0.08625730994152046 0.0765625 0.09454191033138401
1 0.88125 0.0638401559454191 0.0578125 0.06725146198830409
1 0.965625 0.06725146198830409 0.06875 0.09551656920077972
1 0.583203125 0.02729044834307992 0.01796875 0.03508771929824561
1 0.671484375 0.025341130604288498 0.03515625 0.04093567251461988
1 0.824609375 0.008284600389863547 0.01640625 0.016569200779727095
1 0.76328125 0.03752436647173489 0.075 0.07504873294346978
1 0.54921875 0.14717348927875243 0.3625 0.29434697855750486
1 0.309765625 0.01023391812865497 0.01484375 0.02046783625730994
1 0.130078125 0.009259259259259259 0.05859375 0.018518518518518517
1 0.04765625 0.01608187134502924 0.0859375 0.03216374269005848