1 0.344140625 0.9122807017543859 0.01015625 0.02729044834307992
1 0.15078125 0.8996101364522417 0.0125 0.021442495126705652
1 0.43984375 0.9010721247563352 0.0203125 0.02631578947368421
1 0.3015625 0.9015594541910331 0.03125 0.031189083820662766
1 0.495703125 0.898635477582846 0.04453125 0.04873294346978557
1 0.057421875 0.8796296296296297 0.01484375 0.022417153996101363
1 0.1796875 0.8957115009746589 0.034375 0.056530214424951264
1 0.973046875 0.8796296296296297 0.03046875 0.02631578947368421
1 0.2828125 0.8771929824561403 0.0125 0.021442495126705652
1 0.759375 0.8693957115009746 0.0109375 0.017543859649122806
1 0.390234375 0.8732943469785575 0.02109375 0.03898635477582846
1 0.5015625 0.8606237816764133 0.028125 0.021442495126705652
1 0.025 0.8757309941520468 0.05 0.05555555555555555
1 0.41015625 0.8464912280701754 0.0125 0.014619883040935672
1 0.558203125 0.8450292397660819 0.04921875 0.03898635477582846
1 0.73203125 0.8377192982456141 0.0390625 0.028265107212475632
1 0.596484375 0.834307992202729 0.01953125 0.029239766081871343
1 0.8875 0.8435672514619883 0.171875 0.07115009746588694
1 0.959375 0.8182261208576999 0.0234375 0.038011695906432746
1 0.741015625 0.8065302144249513 0.01171875 0.02046783625730994
1 0.6734375 0.8216374269005848 0.0328125 0.06627680311890838
1 0.991796875 0.8060428849902534 0.01640625 0.03898635477582846
1 0.201953125 0.8157894736842105 0.12734375 0.07017543859649122
1 0.276171875 0.7982456140350878 0.03984375 0.04483430799220273
1 0.74140625 0.7797270955165692 0.009375 0.01949317738791423
1 0.101953125 0.8318713450292398 0.06484375 0.13157894736842105
1 0.389453125 0.7855750487329435 0.20234375 0.08382066276803118
1 0.95078125 0.7543859649122807 0.025 0.023391812865497075
1 0.893359375 0.7607212475633528 0.04921875 0.036062378167641324
1 0.81015625 0.7777777777777778 0.0625 0.07017543859649122
1 0.275 0.7548732943469786 0.0359375 0.038011695906432746
1 0.00546875 0.7402534113060428 0.0109375 0.018518518518518517
1 0.229296875 0.7422027290448343 0.01796875 0.024366471734892786
1 0.0515625 0.7680311890838206 0.0671875 0.08576998050682261
1 0.26796875 0.7339181286549707 0.015625 0.01949317738791423
1 0.498046875 0.7378167641325536 0.01484375 0.03508771929824561
1 0.394140625 0.7383040935672515 0.02421875 0.03996101364522417
1 0.74453125 0.723196881091618 0.025 0.01949317738791423
1 0.2984375 0.716374269005848 0.0125 0.01364522417153996
1 0.6703125 0.7076023391812866 0.0109375 0.01364522417153996
1 0.17265625 0.7358674463937622 0.084375 0.07992202729044834
1 0.574609375 0.7149122807017544 0.06484375 0.04580896686159844
1 0.937890625 0.6968810916179338 0.00859375 0.015594541910331383
1 0.87578125 0.6983430799220273 0.0109375 0.018518518518518517
1 0.987109375 0.7037037037037037 0.02578125 0.03313840155945419
1 0.70390625 0.7188109161793372 0.0359375 0.06530214424951267
1 0.331640625 0.7041910331384016 0.03671875 0.036062378167641324
1 0.515234375 0.7041910331384016 0.03359375 0.04191033138401559
1 0.4046875 0.6963937621832359 0.03125 0.036062378167641324
1 0.26875 0.6876218323586745 0.0171875 0.018518518518518517
1 0.180859375 0.6910331384015594 0.02265625 0.029239766081871343
1 0.2265625 0.6885964912280702 0.015625 0.028265107212475632
1 0.086328125 0.6851851851851852 0.02734375 0.025341130604288498
1 0.621875 0.6915204678362573 0.03125 0.04775828460038986
1 0.774609375 0.6929824561403509 0.03515625 0.05458089668615984
1 0.72890625 0.6681286549707602 0.01875 0.018518518518518517
1 0.9828125 0.6583820662768031 0.0109375 0.012670565302144249
1 0.753125 0.6598440545808967 0.0203125 0.015594541910331383
1 0.819140625 0.6681286549707602 0.03828125 0.04191033138401559
1 0.13828125 0.6710526315789473 0.0546875 0.049707602339181284
1 0.20234375 0.6496101364522417 0.0234375 0.012670565302144249
1 0.9203125 0.648635477582846 0.0203125 0.014619883040935672
1 0.690625 0.6588693957115009 0.0359375 0.037037037037037035
1 0.55078125 0.6461988304093568 0.0203125 0.017543859649122806
1 0.897265625 0.6652046783625731 0.03203125 0.06725146198830409
1 0.3078125 0.6403508771929824 0.0109375 0.021442495126705652
1 0.324609375 0.6330409356725146 0.01015625 0.014619883040935672
1 0.792578125 0.6359649122807017 0.01953125 0.028265107212475632
1 0.432421875 0.6403508771929824 0.02890625 0.04678362573099415
1 0.837890625 0.6223196881091618 0.01796875 0.016569200779727095
1 0.233203125 0.6203703703703703 0.00859375 0.014619883040935672
1 0.38359375 0.6296296296296297 0.0421875 0.04093567251461988
1 0.7359375 0.6159844054580896 0.01875 0.01949317738791423
1 0.90546875 0.6145224171539961 0.0390625 0.028265107212475632
1 0.48671875 0.6023391812865497 0.0203125 0.009746588693957114
1 0.0875 0.597953216374269 0.009375 0.016569200779727095
1 0.127734375 0.5955165692007798 0.01796875 0.021442495126705652
1 0.34375 0.5960038986354775 0.0140625 0.028265107212475632
1 0.667578125 0.6228070175438597 0.09296875 0.08576998050682261
1 0.969921875 0.601364522417154 0.02890625 0.04873294346978557
1 0.019140625 0.6354775828460039 0.03828125 0.13060428849902533
1 0.465625 0.5765107212475633 0.028125 0.022417153996101363
1 0.7703125 0.5847953216374269 0.034375 0.042884990253411304
1 0.050390625 0.5838206627680312 0.03515625 0.050682261208576995
1 0.948046875 0.5696881091617934 0.03515625 0.038011695906432746
1 0.5984375 0.5955165692007798 0.053125 0.0935672514619883
1 0.118359375 0.5550682261208577 0.01328125 0.014619883040935672
1 0.82578125 0.5701754385964912 0.05 0.04678362573099415
1 0.38203125 0.5497076023391813 0.0109375 0.011695906432748537
1 0.2875 0.5891812865497076 0.053125 0.09454191033138401
1 0.440625 0.5536062378167641 0.0203125 0.02729044834307992
1 0.185546875 0.5750487329434698 0.06484375 0.07407407407407407
1 0.752734375 0.5516569200779727 0.04296875 0.03508771929824561
1 0.482421875 0.5365497076023392 0.04296875 0.024366471734892786
1 0.79375 0.5292397660818714 0.009375 0.01364522417153996
1 0.694140625 0.52046783625731 0.01328125 0.009746588693957114
1 0.2140625 0.5331384015594542 0.0375 0.05263157894736842
1 0.928125 0.517056530214425 0.01875 0.03216374269005848
1 0.543359375 0.5321637426900585 0.04609375 0.06627680311890838
1 0.765625 0.5092592592592593 0.0171875 0.022417153996101363
1 0.812109375 0.4946393762183236 0.00859375 0.012670565302144249
1 0.979296875 0.5063352826510721 0.04140625 0.04191033138401559
1 0.31171875 0.4980506822612086 0.01875 0.037037037037037035
1 0.37421875 0.4834307992202729 0.0109375 0.015594541910331383
1 0.357421875 0.4868421052631579 0.01328125 0.022417153996101363
1 0.9140625 0.4775828460038986 0.015625 0.015594541910331383
1 0.33515625 0.4848927875243665 0.0234375 0.03216374269005848
1 0.1109375 0.49902534113060426 0.08125 0.08382066276803118
1 0.9671875 0.46881091617933723 0.0328125 0.025341130604288498
1 0.150390625 0.46101364522417154 0.01171875 0.01364522417153996
1 0.4171875 0.4946393762183236 0.0546875 0.09259259259259259
1 0.640234375 0.48879142300194933 0.10078125 0.08284600389863547
1 0.33046875 0.4517543859649123 0.0125 0.012670565302144249
1 0.80859375 0.452729044834308 0.0109375 0.018518518518518517
1 0.030859375 0.47953216374269003 0.05390625 0.07407407407407407
1 0.720703125 0.4712475633528265 0.05859375 0.07309941520467836
1 0.684765625 0.4317738791423002 0.04921875 0.037037037037037035
1 0.278125 0.4444444444444444 0.071875 0.06627680311890838
1 0.938671875 0.4152046783625731 0.01953125 0.025341130604288498
1 0.915625 0.4371345029239766 0.0640625 0.06920077972709551
1 0.741796875 0.408869395711501 0.02265625 0.012670565302144249
1 0.39765625 0.4074074074074074 0.0140625 0.009746588693957114
1 0.818359375 0.4010721247563353 0.01484375 0.030214424951267055
1 0.85703125 0.4449317738791423 0.04375 0.11988304093567251
1 0.446875 0.3845029239766082 0.0109375 0.03216374269005848
1 0.19765625 0.40594541910331383 0.065625 0.07894736842105263
1 0.09765625 0.37962962962962965 0.025 0.02631578947368421
1 0.2609375 0.3835282651072125 0.09375 0.043859649122807015
1 0.01328125 0.38060428849902533 0.0265625 0.043859649122807015
1 0.599609375 0.41228070175438597 0.19921875 0.1267056530214425
1 0.498828125 0.3732943469785575 0.07421875 0.06432748538011696
1 0.83515625 0.3455165692007797 0.0125 0.014619883040935672
1 0.889453125 0.347953216374269 0.02109375 0.023391812865497075
1 0.61015625 0.33966861598440545 0.01875 0.012670565302144249
1 0.766015625 0.3991228070175439 0.06953125 0.13352826510721247
1 0.356640625 0.3815789473684211 0.06328125 0.10038986354775828
1 0.955859375 0.3338206627680312 0.03203125 0.024366471734892786
1 0.646875 0.3226120857699805 0.0140625 0.017543859649122806
1 0.11796875 0.3235867446393762 0.009375 0.023391812865497075
1 0.820703125 0.3153021442495127 0.02109375 0.02631578947368421
1 0.016796875 0.30896686159844056 0.01328125 0.015594541910331383
1 0.4203125 0.3060428849902534 0.015625 0.023391812865497075
1 0.2453125 0.30165692007797273 0.025 0.014619883040935672
1 0.47578125 0.30165692007797273 0.0234375 0.024366471734892786
1 0.051171875 0.3138401559454191 0.03515625 0.050682261208576995
1 0.630859375 0.2933723196881092 0.01171875 0.01364522417153996
1 0.08671875 0.290448343079922 0.05 0.025341130604288498
1 0.698046875 0.2821637426900585 0.02578125 0.028265107212475632
1 0.119921875 0.27387914230019494 0.01484375 0.029239766081871343
1 0.799609375 0.24561403508771928 0.01640625 0.011695906432748537
1 0.89453125 0.2699805068226121 0.0875 0.06627680311890838
1 0.9890625 0.24317738791423002 0.021875 0.014619883040935672
1 0.496875 0.25584795321637427 0.0515625 0.04191033138401559
1 0.1734375 0.30360623781676416 0.0875 0.1530214424951267
1 0.173046875 0.23635477582846004 0.01015625 0.018518518518518517
1 0.76796875 0.24512670565302144 0.0375 0.038011695906432746
1 0.45546875 0.23489278752436646 0.0140625 0.021442495126705652
1 0.276171875 0.23489278752436646 0.01015625 0.021442495126705652
1 0.271484375 0.2577972709551657 0.11796875 0.07894736842105263
1 0.4359375 0.22270955165692008 0.0078125 0.018518518518518517
1 0.6953125 0.22319688109161792 0.0265625 0.03508771929824561
1 0.1484375 0.2046783625730994 0.0171875 0.009746588693957114
1 0.625 0.2158869395711501 0.0453125 0.03996101364522417
1 0.24453125 0.20321637426900585 0.0125 0.014619883040935672
1 0.08046875 0.1983430799220273 0.021875 0.018518518518518517
1 0.0265625 0.2149122807017544 0.053125 0.057504873294346975
1 0.12421875 0.1968810916179337 0.0203125 0.023391812865497075
1 0.495703125 0.20516569200779727 0.03046875 0.043859649122807015
1 0.471484375 0.19639376218323587 0.01484375 0.028265107212475632
1 0.558203125 0.20419103313840156 0.08671875 0.0769980506822612
1 0.71953125 0.16325536062378168 0.0125 0.02046783625730994
1 0.58984375 0.1705653021442495 0.0296875 0.04873294346978557
1 0.90390625 0.17495126705653022 0.0359375 0.06920077972709551
1 0.265625 0.16228070175438597 0.0390625 0.04775828460038986
1 0.83984375 0.1574074074074074 0.05 0.04580896686159844
1 0.036328125 0.145224171539961 0.01953125 0.025341130604288498
1 0.40859375 0.199317738791423 0.090625 0.14327485380116958
1 0.147265625 0.13596491228070176 0.04609375 0.02046783625730994
1 0.0828125 0.14912280701754385 0.05 0.04873294346978557
1 0.334765625 0.12962962962962962 0.01640625 0.01364522417153996
1 0.930078125 0.12816764132553607 0.01484375 0.014619883040935672
1 0.215625 0.1398635477582846 0.053125 0.04191033138401559
1 0.98671875 0.1310916179337232 0.0265625 0.0341130604288499
1 0.75234375 0.1354775828460039 0.025 0.04678362573099415
1 0.60703125 0.13742690058479531 0.0203125 0.05847953216374269
1 0.96484375 0.1145224171539961 0.0140625 0.022417153996101363
1 0.299609375 0.11695906432748537 0.02578125 0.03508771929824561
1 0.8640625 0.11062378167641325 0.021875 0.0341130604288499
1 0.226953125 0.08869395711500974 0.01328125 0.011695906432748537
1 0.664453125 0.13450292397660818 0.09765625 0.10721247563352826
1 0.45078125 0.09892787524366471 0.01875 0.03996101364522417
1 0.980078125 0.08187134502923976 0.00859375 0.015594541910331383
1 0.758203125 0.08382066276803118 0.01171875 0.023391812865497075
1 0.498046875 0.0847953216374269 0.01015625 0.02729044834307992
1 0.525 0.07407407407407407 0.009375 0.015594541910331383
1 0.928125 0.0813840155945419 0.0171875 0.03216374269005848
1 0.425390625 0.06627680311890838 0.01484375 0.021442495126705652
1 0.085546875 0.06237816764132553 0.01015625 0.01364522417153996
1 0.959765625 0.05604288499025341 0.02890625 0.022417153996101363
1 0.47109375 0.05555555555555555 0.0125 0.021442495126705652
1 0.637109375 0.054093567251461985 0.01640625 0.03216374269005848
1 0.02109375 0.06140350877192982 0.0421875 0.050682261208576995
1 0.287890625 0.05019493177387914 0.02890625 0.030214424951267055
1 0.818359375 0.06286549707602339 0.04765625 0.07309941520467836
1 0.723046875 0.04580896686159844 0.02109375 0.04093567251461988
1 0.119921875 0.06140350877192982 0.03828125 0.07212475633528265
1 0.328125 0.05458089668615984 0.0359375 0.06042884990253411
1 0.41875 0.025828460038986353 0.0140625 0.018518518518518517
1 0.473046875 0.031189083820662766 0.07890625 0.03313840155945419
1 0.20625 0.03167641325536062 0.0265625 0.04191033138401559
1 0.773828125 0.02290448343079922 0.03046875 0.038011695906432746
1 0.958203125 0.01608187134502924 0.03203125 0.03216374269005848
1 0.86640625 0.025341130604288498 0.0671875 0.050682261208576995
1 0.685546875 0.01364522417153996 0.02578125 0.02729044834307992
1 0.5765625 0.004873294346978557 0.025 0.009746588693957114
1 0.322265625 0.01023391812865497 0.01953125 0.02046783625730994
1 0.26796875 0.019980506822612085 0.0703125 0.03996101364522417
1 0.050390625 0.010721247563352826 0.01015625 0.021442495126705652