1 0.110546875 0.7373294346978557 0.01171875 0.02046783625730994
1 0.375390625 0.702729044834308 0.02265625 0.031189083820662766
1 0.39609375 0.6773879142300195 0.0234375 0.009746588693957114
1 0.597265625 0.678849902534113 0.06171875 0.08089668615984405
1 0.54609375 0.6252436647173489 0.034375 0.036062378167641324
1 0.68046875 0.6140350877192983 0.028125 0.031189083820662766
1 0.602734375 0.5886939571150097 0.00859375 0.017543859649122806
1 0.8953125 0.6145224171539961 0.0578125 0.08674463937621832
1 0.205859375 0.5638401559454191 0.02109375 0.014619883040935672
1 0.068359375 0.5492202729044834 0.02265625 0.028265107212475632
1 0.537890625 0.5706627680311891 0.08671875 0.0769980506822612
1 0.136328125 0.5701754385964912 0.05703125 0.08576998050682261
1 0.643359375 0.5282651072124757 0.02734375 0.050682261208576995
1 0.60625 0.517056530214425 0.0265625 0.05165692007797271
1 0.73203125 0.4220272904483431 0.01875 0.011695906432748537
1 0.374609375 0.42592592592592593 0.03046875 0.025341130604288498
1 0.28515625 0.4244639376218324 0.1078125 0.11208576998050682
1 0.63515625 0.4064327485380117 0.1828125 0.13060428849902533
1 0.03515625 0.3435672514619883 0.0109375 0.016569200779727095
1 0.0828125 0.34990253411306044 0.0453125 0.056530214424951264
1 0.962109375 0.3737816764132554 0.07578125 0.13157894736842105
1 0.496875 0.2909356725146199 0.015625 0.022417153996101363
1 0.716015625 0.26851851851851855 0.02890625 0.024366471734892786
1 0.723828125 0.2422027290448343 0.01171875 0.018518518518518517
1 0.968359375 0.2787524366471735 0.06328125 0.10136452241715399
1 0.464453125 0.23050682261208577 0.01328125 0.010721247563352826
1 0.345703125 0.21393762183235868 0.02109375 0.028265107212475632
1 0.48359375 0.20857699805068225 0.01875 0.029239766081871343
1 0.9546875 0.20321637426900585 0.04375 0.038011695906432746
1 0.6 0.2787524366471735 0.196875 0.2378167641325536
1 0.55859375 0.14717348927875243 0.0234375 0.017543859649122806
1 0.9890625 0.13206627680311891 0.021875 0.049707602339181284
1 0.3109375 0.10136452241715399 0.0125 0.009746588693957114
1 0.3234375 0.0769980506822612 0.025 0.01949317738791423
1 0.578515625 0.022417153996101363 0.03203125 0.029239766081871343
1 0.81484375 0.09405458089668615 0.359375 0.1881091617933723
1 0.431640625 0.20419103313840156 0.22734375 0.4083820662768031
1 0.168359375 0.01364522417153996 0.04296875 0.02729044834307992
1 0.14609375 0.15155945419103314 0.2921875 0.3031189083820663