1 0.091015625 0.9064327485380117 0.02890625 0.025341130604288498
1 0.818359375 0.9074074074074074 0.02421875 0.029239766081871343
1 0.7171875 0.8913255360623782 0.0140625 0.014619883040935672
1 0.77421875 0.8840155945419104 0.01875 0.03313840155945419
1 0.15078125 0.8737816764132553 0.0109375 0.014619883040935672
1 0.87109375 0.8859649122807017 0.0328125 0.042884990253411304
1 0.423046875 0.8708576998050682 0.02109375 0.014619883040935672
1 0.183984375 0.8830409356725146 0.03203125 0.042884990253411304
1 0.343359375 0.8693957115009746 0.01640625 0.025341130604288498
1 0.676953125 0.8654970760233918 0.02890625 0.03313840155945419
1 0.635546875 0.8411306042884991 0.02890625 0.025341130604288498
1 0.40234375 0.8255360623781677 0.0109375 0.017543859649122806
1 0.9953125 0.8114035087719298 0.009375 0.012670565302144249
1 0.800390625 0.8109161793372319 0.01796875 0.029239766081871343
1 0.01328125 0.821150097465887 0.0265625 0.049707602339181284
1 0.062890625 0.8484405458089669 0.12578125 0.14327485380116958
1 0.234765625 0.7870370370370371 0.03671875 0.022417153996101363
1 0.299609375 0.7982456140350878 0.02578125 0.04873294346978557
1 0.88515625 0.7841130604288499 0.0109375 0.022417153996101363
1 0.91796875 0.8026315789473685 0.040625 0.06335282651072124
1 0.402734375 0.7777777777777778 0.02109375 0.03313840155945419
1 0.528515625 0.8031189083820662 0.06484375 0.08771929824561403
1 0.4640625 0.7651072124756335 0.0234375 0.017543859649122806
1 0.040625 0.7495126705653021 0.009375 0.01364522417153996
1 0.3203125 0.7509746588693957 0.025 0.024366471734892786
1 0.173046875 0.7563352826510721 0.03828125 0.042884990253411304
1 0.582421875 0.7714424951267057 0.03515625 0.08284600389863547
1 0.61171875 0.7378167641325536 0.021875 0.01949317738791423
1 0.77265625 0.753411306042885 0.04375 0.05263157894736842
1 0.205078125 0.7412280701754386 0.04609375 0.03216374269005848
1 0.971875 0.7504873294346979 0.05 0.06042884990253411
1 0.738671875 0.7373294346978557 0.01484375 0.03996101364522417
1 0.823046875 0.7115009746588694 0.01953125 0.011695906432748537
1 0.13203125 0.7090643274853801 0.0109375 0.024366471734892786
1 0.599609375 0.6783625730994152 0.01953125 0.015594541910331383
1 0.014453125 0.6778752436647173 0.01484375 0.014619883040935672
1 0.38828125 0.6622807017543859 0.01875 0.016569200779727095
1 0.6359375 0.6613060428849903 0.009375 0.016569200779727095
1 0.883984375 0.6920077972709552 0.16328125 0.09161793372319688
1 0.190234375 0.6427875243664717 0.01015625 0.016569200779727095
1 0.81640625 0.6413255360623782 0.015625 0.017543859649122806
1 0.2734375 0.6237816764132553 0.028125 0.042884990253411304
1 0.637890625 0.5974658869395711 0.01171875 0.009746588693957114
1 0.590234375 0.5896686159844055 0.00859375 0.015594541910331383
1 0.681640625 0.6023391812865497 0.04609375 0.07212475633528265
1 0.877734375 0.5799220272904484 0.01328125 0.03313840155945419
1 0.54609375 0.5823586744639376 0.0734375 0.06725146198830409
1 0.632421875 0.5399610136452242 0.01953125 0.009746588693957114
1 0.1359375 0.5370370370370371 0.0203125 0.023391812865497075
1 0.80546875 0.5380116959064327 0.0375 0.05263157894736842
1 0.985546875 0.5248538011695907 0.02890625 0.03996101364522417
1 0.858984375 0.50682261208577 0.02109375 0.025341130604288498
1 0.698828125 0.49951267056530213 0.01640625 0.014619883040935672
1 0.04921875 0.550682261208577 0.0984375 0.14814814814814814
1 0.113671875 0.4834307992202729 0.01953125 0.023391812865497075
1 0.844921875 0.4819688109161793 0.01015625 0.028265107212475632
1 0.794140625 0.4727095516569201 0.01640625 0.029239766081871343
1 0.196875 0.5209551656920078 0.15 0.1276803118908382
1 0.866015625 0.46588693957115007 0.03515625 0.03508771929824561
1 0.338671875 0.45565302144249514 0.00859375 0.03216374269005848
1 0.83046875 0.4473684210526316 0.0203125 0.017543859649122806
1 0.4765625 0.4361598440545809 0.0203125 0.02046783625730994
1 0.2234375 0.4244639376218324 0.0171875 0.018518518518518517
1 0.787109375 0.4108187134502924 0.05078125 0.030214424951267055
1 0.30390625 0.40009746588693956 0.021875 0.016569200779727095
1 0.83359375 0.39814814814814814 0.0125 0.014619883040935672
1 0.73515625 0.40058479532163743 0.015625 0.01949317738791423
1 0.038671875 0.42105263157894735 0.07734375 0.09941520467836257
1 0.762890625 0.3659844054580897 0.01796875 0.024366471734892786
1 0.39296875 0.3659844054580897 0.0171875 0.024366471734892786
1 0.680078125 0.34307992202729043 0.03671875 0.050682261208576995
1 0.6265625 0.32212475633528265 0.0125 0.02631578947368421
1 0.15546875 0.3304093567251462 0.034375 0.04483430799220273
1 0.452734375 0.3157894736842105 0.00703125 0.017543859649122806
1 0.788671875 0.3001949317738791 0.03359375 0.03313840155945419
1 0.183984375 0.2933723196881092 0.01015625 0.01949317738791423
1 0.72890625 0.2884990253411306 0.03125 0.02729044834307992
1 0.533203125 0.29922027290448344 0.07421875 0.05847953216374269
1 0.06640625 0.28118908382066277 0.0390625 0.024366471734892786
1 0.390234375 0.3055555555555556 0.08046875 0.07504873294346978
1 0.91328125 0.2719298245614035 0.021875 0.04678362573099415
1 0.644140625 0.27680311890838205 0.03359375 0.06042884990253411
1 0.745703125 0.25828460038986356 0.01015625 0.02729044834307992
1 0.3578125 0.24463937621832357 0.0078125 0.017543859649122806
1 0.68515625 0.23830409356725146 0.021875 0.028265107212475632
1 0.226171875 0.2290448343079922 0.03359375 0.025341130604288498
1 0.918359375 0.22758284600389864 0.01484375 0.024366471734892786
1 0.86875 0.246588693957115 0.0453125 0.06627680311890838
1 0.626953125 0.22270955165692008 0.01484375 0.02046783625730994
1 0.387109375 0.21442495126705652 0.01484375 0.017543859649122806
1 0.813671875 0.2158869395711501 0.01953125 0.024366471734892786
1 0.476171875 0.199317738791423 0.01484375 0.018518518518518517
1 0.745703125 0.20272904483430798 0.01953125 0.02729044834307992
1 0.6421875 0.1817738791423002 0.0125 0.014619883040935672
1 0.283984375 0.17787524366471735 0.01484375 0.012670565302144249
1 0.223046875 0.17007797270955166 0.00859375 0.016569200779727095
1 0.0515625 0.1793372319688109 0.01875 0.03508771929824561
1 0.541015625 0.16910331384015595 0.03828125 0.043859649122807015
1 0.091015625 0.16471734892787523 0.04609375 0.04483430799220273
1 0.71796875 0.12962962962962962 0.0265625 0.03898635477582846
1 0.319140625 0.12280701754385964 0.03203125 0.05263157894736842
1 0.25078125 0.09892787524366471 0.0203125 0.022417153996101363
1 0.17578125 0.15789473684210525 0.071875 0.14035087719298245
1 0.022265625 0.11208576998050682 0.04453125 0.05263157894736842
1 0.054296875 0.09502923976608187 0.01484375 0.0341130604288499
1 0.418359375 0.1145224171539961 0.13515625 0.0847953216374269
1 0.886328125 0.08528265107212475 0.03515625 0.043859649122807015
1 0.77421875 0.13499025341130605 0.078125 0.14912280701754385
1 0.58671875 0.07602339181286549 0.0234375 0.03313840155945419
1 0.344921875 0.07846003898635477 0.02578125 0.0594541910331384
1 0.86171875 0.06530214424951267 0.03125 0.04093567251461988
1 0.0984375 0.05214424951267056 0.015625 0.02046783625730994
1 0.2359375 0.060916179337231965 0.0828125 0.04775828460038986
1 0.9046875 0.04434697855750487 0.015625 0.0341130604288499
1 0.83515625 0.03508771929824561 0.0171875 0.01949317738791423
1 0.3640625 0.034600389863547756 0.0171875 0.018518518518518517
1 0.0546875 0.04239766081871345 0.0390625 0.05360623781676413
1 0.751953125 0.025341130604288498 0.02734375 0.03898635477582846
1 0.96015625 0.03557504873294347 0.0796875 0.07115009746588694
1 0.87578125 0.005360623781676413 0.0296875 0.010721247563352826
1 0.576953125 0.008771929824561403 0.01484375 0.017543859649122806
1 0.51171875 0.012670565302144249 0.025 0.025341130604288498
1 0.46796875 0.007797270955165692 0.0328125 0.015594541910331383
1 0.371484375 0.45614035087719296 0.04296875 0.04873294346978557
1 0.24453125 0.881578947368421 0.0125 0.02631578947368421
1 0.616796875 0.9044834307992202 0.03359375 0.050682261208576995
1 0.54765625 0.9205653021442495 0.046875 0.010721247563352826
1 0.367578125 0.9132553606237817 0.03828125 0.03508771929824561
1 0.18671875 0.39230019493177387 0.0359375 0.036062378167641324
1 0.452734375 0.38011695906432746 0.05390625 0.042884990253411304