1 0.010546875 0.922514619883041 0.01171875 0.016569200779727095
1 0.69140625 0.8854775828460039 0.0109375 0.016569200779727095
1 0.773828125 0.8864522417153996 0.06171875 0.043859649122807015
1 0.4234375 0.8708576998050682 0.0125 0.016569200779727095
1 0.0421875 0.8489278752436648 0.05625 0.09746588693957114
1 0.607421875 0.7953216374269005 0.01953125 0.021442495126705652
1 0.2890625 0.7573099415204678 0.0109375 0.01364522417153996
1 0.17421875 0.77046783625731 0.0203125 0.03996101364522417
1 0.04375 0.7538986354775828 0.009375 0.018518518518518517
1 0.45703125 0.7417153996101364 0.0140625 0.011695906432748537
1 0.08828125 0.7548732943469786 0.0859375 0.11403508771929824
1 0.519140625 0.7358674463937622 0.10390625 0.07992202729044834
1 0.244921875 0.7012670565302144 0.03359375 0.016569200779727095
1 0.398828125 0.719785575048733 0.05234375 0.06725146198830409
1 0.160546875 0.7046783625730995 0.02265625 0.04483430799220273
1 0.303125 0.6871345029239766 0.009375 0.01949317738791423
1 0.809375 0.6832358674463938 0.065625 0.04678362573099415
1 0.7375 0.6530214424951267 0.0328125 0.029239766081871343
1 0.094921875 0.6466861598440545 0.01484375 0.018518518518518517
1 0.77421875 0.6544834307992202 0.0390625 0.04191033138401559
1 0.58359375 0.6588693957115009 0.040625 0.05458089668615984
1 0.875390625 0.6442495126705653 0.06015625 0.0682261208576998
1 0.95546875 0.6681286549707602 0.0890625 0.13352826510721247
1 0.369921875 0.6140350877192983 0.02890625 0.04873294346978557
1 0.87734375 0.5750487329434698 0.0171875 0.023391812865497075
1 0.911328125 0.577485380116959 0.02734375 0.03216374269005848
1 0.471875 0.6038011695906432 0.0953125 0.10818713450292397
1 0.192578125 0.5950292397660819 0.07421875 0.1276803118908382
1 0.746875 0.5550682261208577 0.0390625 0.06140350877192982
1 0.925 0.5487329434697856 0.05625 0.05263157894736842
1 0.49375 0.5287524366471735 0.0078125 0.02046783625730994
1 0.100390625 0.547270955165692 0.04921875 0.06140350877192982
1 0.446484375 0.5126705653021443 0.01484375 0.017543859649122806
1 0.84921875 0.5316764132553606 0.046875 0.0594541910331384
1 0.905078125 0.5038986354775828 0.02265625 0.021442495126705652
1 0.27421875 0.5316764132553606 0.06875 0.08869395711500974
1 0.984765625 0.49415204678362573 0.03046875 0.015594541910331383
1 0.64453125 0.5097465886939572 0.040625 0.05458089668615984
1 0.146875 0.4819688109161793 0.0203125 0.008771929824561403
1 0.703515625 0.5029239766081871 0.04140625 0.06237816764132553
1 0.06640625 0.4780701754385965 0.0171875 0.030214424951267055
1 0.421875 0.4712475633528265 0.0359375 0.018518518518518517
1 0.36796875 0.4673489278752437 0.0640625 0.043859649122807015
1 0.604296875 0.46393762183235865 0.02578125 0.03898635477582846
1 0.129296875 0.42592592592592593 0.01640625 0.011695906432748537
1 0.34296875 0.40692007797270957 0.0171875 0.02046783625730994
1 0.430078125 0.41471734892787526 0.06015625 0.03996101364522417
1 0.378125 0.3942495126705653 0.0125 0.02046783625730994
1 0.738671875 0.35185185185185186 0.01796875 0.015594541910331383
1 0.4109375 0.3460038986354776 0.0234375 0.021442495126705652
1 0.517578125 0.3742690058479532 0.06953125 0.08187134502923976
1 0.02734375 0.3708576998050682 0.0546875 0.0769980506822612
1 0.23828125 0.33235867446393763 0.0125 0.01364522417153996
1 0.34921875 0.33235867446393763 0.05 0.042884990253411304
1 0.764453125 0.3362573099415205 0.07890625 0.06432748538011696
1 0.575 0.30994152046783624 0.009375 0.015594541910331383
1 0.064453125 0.30360623781676416 0.01171875 0.014619883040935672
1 0.21015625 0.38255360623781676 0.159375 0.19785575048732942
1 0.05078125 0.290448343079922 0.0125 0.015594541910331383
1 0.284765625 0.29142300194931775 0.03828125 0.04093567251461988
1 0.33984375 0.2631578947368421 0.015625 0.01949317738791423
1 0.7 0.2626705653021443 0.025 0.028265107212475632
1 0.200390625 0.23440545808966862 0.01015625 0.016569200779727095
1 0.869140625 0.23489278752436646 0.01953125 0.031189083820662766
1 0.9453125 0.24171539961013644 0.071875 0.1111111111111111
1 0.009375 0.18031189083820662 0.0140625 0.021442495126705652
1 0.07734375 0.199317738791423 0.01875 0.06530214424951267
1 0.56484375 0.2309941520467836 0.225 0.13450292397660818
1 0.54765625 0.17641325536062377 0.0375 0.04093567251461988
1 0.1921875 0.1608187134502924 0.05 0.029239766081871343
1 0.044140625 0.16471734892787523 0.04296875 0.03898635477582846
1 0.423046875 0.1652046783625731 0.04921875 0.04191033138401559
1 0.099609375 0.15497076023391812 0.03046875 0.021442495126705652
1 0.0359375 0.12962962962962962 0.015625 0.01364522417153996
1 0.759375 0.12524366471734893 0.0125 0.012670565302144249
1 0.16640625 0.10867446393762183 0.0125 0.012670565302144249
1 0.829296875 0.10769980506822611 0.03828125 0.016569200779727095
1 0.79140625 0.1067251461988304 0.03125 0.03216374269005848
1 0.316015625 0.08382066276803118 0.01484375 0.017543859649122806
1 0.193359375 0.07846003898635477 0.01640625 0.028265107212475632
1 0.29765625 0.04775828460038986 0.025 0.04873294346978557
1 0.401953125 0.050682261208576995 0.06640625 0.07797270955165692
1 0.965234375 0.011208576998050682 0.03359375 0.022417153996101363
1 0.645703125 0.07748538011695906 0.14453125 0.15497076023391812
1 0.446875 0.009746588693957114 0.0203125 0.01949317738791423
1 0.332421875 0.00682261208576998 0.02890625 0.01364522417153996
1 0.063671875 0.039473684210526314 0.10859375 0.07894736842105263
1 0.11796875 0.9069200779727096 0.0484375 0.04580896686159844