2 0.109375 0.894531 0.015625 0.015625
2 0.905273 0.887370 0.013672 0.022135
2 0.058594 0.881510 0.009766 0.018229
2 0.480957 0.876302 0.014648 0.018229
2 0.355957 0.865885 0.020508 0.023438
2 0.955078 0.854167 0.005859 0.010417
2 0.878906 0.856771 0.013672 0.020833
2 0.141113 0.826823 0.018555 0.018229
2 0.579102 0.824219 0.009766 0.015625
2 0.788574 0.822266 0.016602 0.016927
2 0.664551 0.808594 0.008789 0.015625
2 0.541016 0.802083 0.011719 0.013021
2 0.091309 0.809896 0.018555 0.031250
2 0.929688 0.800130 0.007812 0.016927
2 0.391602 0.785156 0.007812 0.007812
2 0.837891 0.787760 0.011719 0.020833
2 0.396484 0.770182 0.013672 0.009115
2 0.288086 0.772135 0.023438 0.020833
2 0.241211 0.764323 0.011719 0.010417
2 0.804688 0.753906 0.007812 0.007812
2 0.591309 0.752604 0.016602 0.023438
2 0.721191 0.730469 0.012695 0.010417
2 0.550781 0.733073 0.015625 0.015625
2 0.245605 0.736328 0.014648 0.022135
2 0.639648 0.726562 0.007812 0.015625
2 0.495117 0.719401 0.007812 0.014323
2 0.882812 0.722656 0.015625 0.031250
2 0.702637 0.714844 0.008789 0.015625
2 0.862305 0.709635 0.011719 0.015625
2 0.329102 0.727865 0.023438 0.052083
2 0.259766 0.688151 0.005859 0.011719
2 0.569336 0.680339 0.007812 0.016927
2 0.492188 0.666667 0.019531 0.013021
2 0.537109 0.662760 0.007812 0.007812
2 0.336426 0.643880 0.020508 0.014323
2 0.926270 0.638021 0.014648 0.010417
2 0.811035 0.638672 0.026367 0.032552
2 0.011230 0.632812 0.022461 0.026042
2 0.651855 0.628255 0.010742 0.022135
2 0.321777 0.619141 0.008789 0.014323
2 0.521484 0.596354 0.007812 0.010417
2 0.470215 0.597656 0.014648 0.013021
2 0.451660 0.594401 0.006836 0.009115
2 0.046387 0.584635 0.022461 0.023438
2 0.678223 0.579427 0.010742 0.020833
2 0.480469 0.572266 0.025391 0.022135
2 0.307617 0.565104 0.005859 0.013021
2 0.629395 0.563802 0.010742 0.018229
2 0.253418 0.559896 0.008789 0.015625
2 0.457031 0.553385 0.007812 0.010417
2 0.334473 0.553385 0.008789 0.015625
2 0.003418 0.537109 0.006836 0.014323
2 0.694824 0.529297 0.008789 0.011719
2 0.124023 0.519531 0.013672 0.013021
2 0.945801 0.513021 0.010742 0.015625
2 0.315430 0.479818 0.021484 0.029948
2 0.205566 0.475911 0.018555 0.035156
2 0.004395 0.463542 0.008789 0.015625
2 0.966797 0.456380 0.011719 0.011719
2 0.771973 0.454427 0.012695 0.015625
2 0.875000 0.447917 0.007812 0.007812
2 0.108887 0.450521 0.006836 0.013021
2 0.186523 0.438802 0.007812 0.007812
2 0.618652 0.433594 0.014648 0.026042
2 0.782227 0.414714 0.007812 0.016927
2 0.838867 0.409505 0.011719 0.019531
2 0.555664 0.388021 0.021484 0.031250
2 0.649414 0.373047 0.011719 0.014323
2 0.937012 0.370443 0.016602 0.014323
2 0.181641 0.375000 0.017578 0.028646
2 0.762207 0.367839 0.008789 0.019531
2 0.328613 0.360026 0.010742 0.011719
2 0.660156 0.356771 0.009766 0.007812
2 0.479980 0.345052 0.008789 0.013021
2 0.030273 0.347005 0.015625 0.027344
2 0.782227 0.337240 0.005859 0.013021
2 0.198242 0.322266 0.015625 0.009115
2 0.828613 0.321615 0.006836 0.010417
2 0.383301 0.315755 0.008789 0.024740
2 0.133301 0.308594 0.026367 0.020833
2 0.016113 0.303385 0.012695 0.020833
2 0.252930 0.296875 0.015625 0.013021
2 0.326660 0.285156 0.006836 0.010417
2 0.907227 0.279948 0.017578 0.010417
2 0.068848 0.277995 0.004883 0.011719
2 0.464844 0.277995 0.027344 0.029948
2 0.021484 0.263672 0.011719 0.009115
2 0.653809 0.265625 0.028320 0.044271
2 0.751465 0.244792 0.006836 0.010417
2 0.014648 0.247396 0.007812 0.018229
2 0.467285 0.240234 0.010742 0.009115
2 0.134766 0.240885 0.011719 0.013021
2 0.556152 0.227214 0.008789 0.009115
2 0.723145 0.212240 0.006836 0.010417
2 0.561523 0.200521 0.005859 0.015625
2 0.245605 0.209635 0.034180 0.033854
2 0.078125 0.192057 0.005859 0.011719
2 0.173828 0.190104 0.007812 0.010417
2 0.505859 0.179688 0.013672 0.015625
2 0.399902 0.176432 0.006836 0.009115
2 0.590820 0.174479 0.013672 0.010417
2 0.153809 0.153646 0.008789 0.010417
2 0.659180 0.162109 0.015625 0.040365
2 0.794434 0.142578 0.006836 0.011719
2 0.482910 0.130859 0.008789 0.006510
2 0.402344 0.128255 0.007812 0.009115
2 0.113281 0.111979 0.009766 0.013021
2 0.742188 0.098307 0.005859 0.014323
2 0.067871 0.093750 0.012695 0.018229
2 0.968262 0.076823 0.016602 0.015625
2 0.295410 0.063802 0.006836 0.007812
2 0.645508 0.063151 0.013672 0.016927
2 0.026367 0.027344 0.005859 0.010417
2 0.730469 0.027995 0.027344 0.022135
2 0.215820 0.020182 0.007812 0.009115