2 0.105469 0.109375 0.015625 0.015625
2 0.112630 0.905273 0.022135 0.013672
2 0.118490 0.058594 0.018229 0.009766
2 0.123698 0.480957 0.018229 0.014648
2 0.134115 0.355957 0.023438 0.020508
2 0.145833 0.955078 0.010417 0.005859
2 0.143229 0.878906 0.020833 0.013672
2 0.173177 0.141113 0.018229 0.018555
2 0.175781 0.579102 0.015625 0.009766
2 0.177734 0.788574 0.016927 0.016602
2 0.191406 0.664551 0.015625 0.008789
2 0.197917 0.541016 0.013021 0.011719
2 0.190104 0.091309 0.031250 0.018555
2 0.199870 0.929688 0.016927 0.007812
2 0.214844 0.391602 0.007812 0.007812
2 0.212240 0.837891 0.020833 0.011719
2 0.229818 0.396484 0.009115 0.013672
2 0.227865 0.288086 0.020833 0.023438
2 0.235677 0.241211 0.010417 0.011719
2 0.246094 0.804688 0.007812 0.007812
2 0.247396 0.591309 0.023438 0.016602
2 0.269531 0.721191 0.010417 0.012695
2 0.266927 0.550781 0.015625 0.015625
2 0.263672 0.245605 0.022135 0.014648
2 0.273438 0.639648 0.015625 0.007812
2 0.280599 0.495117 0.014323 0.007812
2 0.277344 0.882812 0.031250 0.015625
2 0.285156 0.702637 0.015625 0.008789
2 0.290365 0.862305 0.015625 0.011719
2 0.272135 0.329102 0.052083 0.023438
2 0.311849 0.259766 0.011719 0.005859
2 0.319661 0.569336 0.016927 0.007812
2 0.333333 0.492188 0.013021 0.019531
2 0.337240 0.537109 0.007812 0.007812
2 0.356120 0.336426 0.014323 0.020508
2 0.361979 0.926270 0.010417 0.014648
2 0.361328 0.811035 0.032552 0.026367
2 0.367188 0.011230 0.026042 0.022461
2 0.371745 0.651855 0.022135 0.010742
2 0.380859 0.321777 0.014323 0.008789
2 0.403646 0.521484 0.010417 0.007812
2 0.402344 0.470215 0.013021 0.014648
2 0.405599 0.451660 0.009115 0.006836
2 0.415365 0.046387 0.023438 0.022461
2 0.420573 0.678223 0.020833 0.010742
2 0.427734 0.480469 0.022135 0.025391
2 0.434896 0.307617 0.013021 0.005859
2 0.436198 0.629395 0.018229 0.010742
2 0.440104 0.253418 0.015625 0.008789
2 0.446615 0.457031 0.010417 0.007812
2 0.446615 0.334473 0.015625 0.008789
2 0.462891 0.003418 0.014323 0.006836
2 0.470703 0.694824 0.011719 0.008789
2 0.480469 0.124023 0.013021 0.013672
2 0.486979 0.945801 0.015625 0.010742
2 0.520182 0.315430 0.029948 0.021484
2 0.524089 0.205566 0.035156 0.018555
2 0.536458 0.004395 0.015625 0.008789
2 0.543620 0.966797 0.011719 0.011719
2 0.545573 0.771973 0.015625 0.012695
2 0.552083 0.875000 0.007812 0.007812
2 0.549479 0.108887 0.013021 0.006836
2 0.561198 0.186523 0.007812 0.007812
2 0.566406 0.618652 0.026042 0.014648
2 0.585286 0.782227 0.016927 0.007812
2 0.590495 0.838867 0.019531 0.011719
2 0.611979 0.555664 0.031250 0.021484
2 0.626953 0.649414 0.014323 0.011719
2 0.629557 0.937012 0.014323 0.016602
2 0.625000 0.181641 0.028646 0.017578
2 0.632161 0.762207 0.019531 0.008789
2 0.639974 0.328613 0.011719 0.010742
2 0.643229 0.660156 0.007812 0.009766
2 0.654948 0.479980 0.013021 0.008789
2 0.652995 0.030273 0.027344 0.015625
2 0.662760 0.782227 0.013021 0.005859
2 0.677734 0.198242 0.009115 0.015625
2 0.678385 0.828613 0.010417 0.006836
2 0.684245 0.383301 0.024740 0.008789
2 0.691406 0.133301 0.020833 0.026367
2 0.696615 0.016113 0.020833 0.012695
2 0.703125 0.252930 0.013021 0.015625
2 0.714844 0.326660 0.010417 0.006836
2 0.720052 0.907227 0.010417 0.017578
2 0.722005 0.068848 0.011719 0.004883
2 0.722005 0.464844 0.029948 0.027344
2 0.736328 0.021484 0.009115 0.011719
2 0.734375 0.653809 0.044271 0.028320
2 0.755208 0.751465 0.010417 0.006836
2 0.752604 0.014648 0.018229 0.007812
2 0.759766 0.467285 0.009115 0.010742
2 0.759115 0.134766 0.013021 0.011719
2 0.772786 0.556152 0.009115 0.008789
2 0.787760 0.723145 0.010417 0.006836
2 0.799479 0.561523 0.015625 0.005859
2 0.790365 0.245605 0.033854 0.034180
2 0.807943 0.078125 0.011719 0.005859
2 0.809896 0.173828 0.010417 0.007812
2 0.820312 0.505859 0.015625 0.013672
2 0.823568 0.399902 0.009115 0.006836
2 0.825521 0.590820 0.010417 0.013672
2 0.846354 0.153809 0.010417 0.008789
2 0.837891 0.659180 0.040365 0.015625
2 0.857422 0.794434 0.011719 0.006836
2 0.869141 0.482910 0.006510 0.008789
2 0.871745 0.402344 0.009115 0.007812
2 0.888021 0.113281 0.013021 0.009766
2 0.901693 0.742188 0.014323 0.005859
2 0.906250 0.067871 0.018229 0.012695
2 0.923177 0.968262 0.015625 0.016602
2 0.936198 0.295410 0.007812 0.006836
2 0.936849 0.645508 0.016927 0.013672
2 0.972656 0.026367 0.010417 0.005859
2 0.972005 0.730469 0.022135 0.027344
2 0.979818 0.215820 0.009115 0.007812