2 0.894531 0.890625 0.015625 0.015625
2 0.887370 0.094727 0.022135 0.013672
2 0.881510 0.941406 0.018229 0.009766
2 0.876302 0.519043 0.018229 0.014648
2 0.865885 0.644043 0.023438 0.020508
2 0.854167 0.044922 0.010417 0.005859
2 0.856771 0.121094 0.020833 0.013672
2 0.826823 0.858887 0.018229 0.018555
2 0.824219 0.420898 0.015625 0.009766
2 0.822266 0.211426 0.016927 0.016602
2 0.808594 0.335449 0.015625 0.008789
2 0.802083 0.458984 0.013021 0.011719
2 0.809896 0.908691 0.031250 0.018555
2 0.800130 0.070312 0.016927 0.007812
2 0.785156 0.608398 0.007812 0.007812
2 0.787760 0.162109 0.020833 0.011719
2 0.770182 0.603516 0.009115 0.013672
2 0.772135 0.711914 0.020833 0.023438
2 0.764323 0.758789 0.010417 0.011719
2 0.753906 0.195312 0.007812 0.007812
2 0.752604 0.408691 0.023438 0.016602
2 0.730469 0.278809 0.010417 0.012695
2 0.733073 0.449219 0.015625 0.015625
2 0.736328 0.754395 0.022135 0.014648
2 0.726562 0.360352 0.015625 0.007812
2 0.719401 0.504883 0.014323 0.007812
2 0.722656 0.117188 0.031250 0.015625
2 0.714844 0.297363 0.015625 0.008789
2 0.709635 0.137695 0.015625 0.011719
2 0.727865 0.670898 0.052083 0.023438
2 0.688151 0.740234 0.011719 0.005859
2 0.680339 0.430664 0.016927 0.007812
2 0.666667 0.507812 0.013021 0.019531
2 0.662760 0.462891 0.007812 0.007812
2 0.643880 0.663574 0.014323 0.020508
2 0.638021 0.073730 0.010417 0.014648
2 0.638672 0.188965 0.032552 0.026367
2 0.632812 0.988770 0.026042 0.022461
2 0.628255 0.348145 0.022135 0.010742
2 0.619141 0.678223 0.014323 0.008789
2 0.596354 0.478516 0.010417 0.007812
2 0.597656 0.529785 0.013021 0.014648
2 0.594401 0.548340 0.009115 0.006836
2 0.584635 0.953613 0.023438 0.022461
2 0.579427 0.321777 0.020833 0.010742
2 0.572266 0.519531 0.022135 0.025391
2 0.565104 0.692383 0.013021 0.005859
2 0.563802 0.370605 0.018229 0.010742
2 0.559896 0.746582 0.015625 0.008789
2 0.553385 0.542969 0.010417 0.007812
2 0.553385 0.665527 0.015625 0.008789
2 0.537109 0.996582 0.014323 0.006836
2 0.529297 0.305176 0.011719 0.008789
2 0.519531 0.875977 0.013021 0.013672
2 0.513021 0.054199 0.015625 0.010742
2 0.479818 0.684570 0.029948 0.021484
2 0.475911 0.794434 0.035156 0.018555
2 0.463542 0.995605 0.015625 0.008789
2 0.456380 0.033203 0.011719 0.011719
2 0.454427 0.228027 0.015625 0.012695
2 0.447917 0.125000 0.007812 0.007812
2 0.450521 0.891113 0.013021 0.006836
2 0.438802 0.813477 0.007812 0.007812
2 0.433594 0.381348 0.026042 0.014648
2 0.414714 0.217773 0.016927 0.007812
2 0.409505 0.161133 0.019531 0.011719
2 0.388021 0.444336 0.031250 0.021484
2 0.373047 0.350586 0.014323 0.011719
2 0.370443 0.062988 0.014323 0.016602
2 0.375000 0.818359 0.028646 0.017578
2 0.367839 0.237793 0.019531 0.008789
2 0.360026 0.671387 0.011719 0.010742
2 0.356771 0.339844 0.007812 0.009766
2 0.345052 0.520020 0.013021 0.008789
2 0.347005 0.969727 0.027344 0.015625
2 0.337240 0.217773 0.013021 0.005859
2 0.322266 0.801758 0.009115 0.015625
2 0.321615 0.171387 0.010417 0.006836
2 0.315755 0.616699 0.024740 0.008789
2 0.308594 0.866699 0.020833 0.026367
2 0.303385 0.983887 0.020833 0.012695
2 0.296875 0.747070 0.013021 0.015625
2 0.285156 0.673340 0.010417 0.006836
2 0.279948 0.092773 0.010417 0.017578
2 0.277995 0.931152 0.011719 0.004883
2 0.277995 0.535156 0.029948 0.027344
2 0.263672 0.978516 0.009115 0.011719
2 0.265625 0.346191 0.044271 0.028320
2 0.244792 0.248535 0.010417 0.006836
2 0.247396 0.985352 0.018229 0.007812
2 0.240234 0.532715 0.009115 0.010742
2 0.240885 0.865234 0.013021 0.011719
2 0.227214 0.443848 0.009115 0.008789
2 0.212240 0.276855 0.010417 0.006836
2 0.200521 0.438477 0.015625 0.005859
2 0.209635 0.754395 0.033854 0.034180
2 0.192057 0.921875 0.011719 0.005859
2 0.190104 0.826172 0.010417 0.007812
2 0.179688 0.494141 0.015625 0.013672
2 0.176432 0.600098 0.009115 0.006836
2 0.174479 0.409180 0.010417 0.013672
2 0.153646 0.846191 0.010417 0.008789
2 0.162109 0.340820 0.040365 0.015625
2 0.142578 0.205566 0.011719 0.006836
2 0.130859 0.517090 0.006510 0.008789
2 0.128255 0.597656 0.009115 0.007812
2 0.111979 0.886719 0.013021 0.009766
2 0.098307 0.257812 0.014323 0.005859
2 0.093750 0.932129 0.018229 0.012695
2 0.076823 0.031738 0.015625 0.016602
2 0.063802 0.704590 0.007812 0.006836
2 0.063151 0.354492 0.016927 0.013672
2 0.027344 0.973633 0.010417 0.005859
2 0.027995 0.269531 0.022135 0.027344
2 0.020182 0.784180 0.009115 0.007812