2 0.109375 0.105469 0.015625 0.015625
2 0.905273 0.112630 0.013672 0.022135
2 0.058594 0.118490 0.009766 0.018229
2 0.480957 0.123698 0.014648 0.018229
2 0.355957 0.134115 0.020508 0.023438
2 0.955078 0.145833 0.005859 0.010417
2 0.878906 0.143229 0.013672 0.020833
2 0.141113 0.173177 0.018555 0.018229
2 0.579102 0.175781 0.009766 0.015625
2 0.788574 0.177734 0.016602 0.016927
2 0.664551 0.191406 0.008789 0.015625
2 0.541016 0.197917 0.011719 0.013021
2 0.091309 0.190104 0.018555 0.031250
2 0.929688 0.199870 0.007812 0.016927
2 0.391602 0.214844 0.007812 0.007812
2 0.837891 0.212240 0.011719 0.020833
2 0.396484 0.229818 0.013672 0.009115
2 0.288086 0.227865 0.023438 0.020833
2 0.241211 0.235677 0.011719 0.010417
2 0.804688 0.246094 0.007812 0.007812
2 0.591309 0.247396 0.016602 0.023438
2 0.721191 0.269531 0.012695 0.010417
2 0.550781 0.266927 0.015625 0.015625
2 0.245605 0.263672 0.014648 0.022135
2 0.639648 0.273438 0.007812 0.015625
2 0.495117 0.280599 0.007812 0.014323
2 0.882812 0.277344 0.015625 0.031250
2 0.702637 0.285156 0.008789 0.015625
2 0.862305 0.290365 0.011719 0.015625
2 0.329102 0.272135 0.023438 0.052083
2 0.259766 0.311849 0.005859 0.011719
2 0.569336 0.319661 0.007812 0.016927
2 0.492188 0.333333 0.019531 0.013021
2 0.537109 0.337240 0.007812 0.007812
2 0.336426 0.356120 0.020508 0.014323
2 0.926270 0.361979 0.014648 0.010417
2 0.811035 0.361328 0.026367 0.032552
2 0.011230 0.367188 0.022461 0.026042
2 0.651855 0.371745 0.010742 0.022135
2 0.321777 0.380859 0.008789 0.014323
2 0.521484 0.403646 0.007812 0.010417
2 0.470215 0.402344 0.014648 0.013021
2 0.451660 0.405599 0.006836 0.009115
2 0.046387 0.415365 0.022461 0.023438
2 0.678223 0.420573 0.010742 0.020833
2 0.480469 0.427734 0.025391 0.022135
2 0.307617 0.434896 0.005859 0.013021
2 0.629395 0.436198 0.010742 0.018229
2 0.253418 0.440104 0.008789 0.015625
2 0.457031 0.446615 0.007812 0.010417
2 0.334473 0.446615 0.008789 0.015625
2 0.003418 0.462891 0.006836 0.014323
2 0.694824 0.470703 0.008789 0.011719
2 0.124023 0.480469 0.013672 0.013021
2 0.945801 0.486979 0.010742 0.015625
2 0.315430 0.520182 0.021484 0.029948
2 0.205566 0.524089 0.018555 0.035156
2 0.004395 0.536458 0.008789 0.015625
2 0.966797 0.543620 0.011719 0.011719
2 0.771973 0.545573 0.012695 0.015625
2 0.875000 0.552083 0.007812 0.007812
2 0.108887 0.549479 0.006836 0.013021
2 0.186523 0.561198 0.007812 0.007812
2 0.618652 0.566406 0.014648 0.026042
2 0.782227 0.585286 0.007812 0.016927
2 0.838867 0.590495 0.011719 0.019531
2 0.555664 0.611979 0.021484 0.031250
2 0.649414 0.626953 0.011719 0.014323
2 0.937012 0.629557 0.016602 0.014323
2 0.181641 0.625000 0.017578 0.028646
2 0.762207 0.632161 0.008789 0.019531
2 0.328613 0.639974 0.010742 0.011719
2 0.660156 0.643229 0.009766 0.007812
2 0.479980 0.654948 0.008789 0.013021
2 0.030273 0.652995 0.015625 0.027344
2 0.782227 0.662760 0.005859 0.013021
2 0.198242 0.677734 0.015625 0.009115
2 0.828613 0.678385 0.006836 0.010417
2 0.383301 0.684245 0.008789 0.024740
2 0.133301 0.691406 0.026367 0.020833
2 0.016113 0.696615 0.012695 0.020833
2 0.252930 0.703125 0.015625 0.013021
2 0.326660 0.714844 0.006836 0.010417
2 0.907227 0.720052 0.017578 0.010417
2 0.068848 0.722005 0.004883 0.011719
2 0.464844 0.722005 0.027344 0.029948
2 0.021484 0.736328 0.011719 0.009115
2 0.653809 0.734375 0.028320 0.044271
2 0.751465 0.755208 0.006836 0.010417
2 0.014648 0.752604 0.007812 0.018229
2 0.467285 0.759766 0.010742 0.009115
2 0.134766 0.759115 0.011719 0.013021
2 0.556152 0.772786 0.008789 0.009115
2 0.723145 0.787760 0.006836 0.010417
2 0.561523 0.799479 0.005859 0.015625
2 0.245605 0.790365 0.034180 0.033854
2 0.078125 0.807943 0.005859 0.011719
2 0.173828 0.809896 0.007812 0.010417
2 0.505859 0.820312 0.013672 0.015625
2 0.399902 0.823568 0.006836 0.009115
2 0.590820 0.825521 0.013672 0.010417
2 0.153809 0.846354 0.008789 0.010417
2 0.659180 0.837891 0.015625 0.040365
2 0.794434 0.857422 0.006836 0.011719
2 0.482910 0.869141 0.008789 0.006510
2 0.402344 0.871745 0.007812 0.009115
2 0.113281 0.888021 0.009766 0.013021
2 0.742188 0.901693 0.005859 0.014323
2 0.067871 0.906250 0.012695 0.018229
2 0.968262 0.923177 0.016602 0.015625
2 0.295410 0.936198 0.006836 0.007812
2 0.645508 0.936849 0.013672 0.016927
2 0.026367 0.972656 0.005859 0.010417
2 0.730469 0.972005 0.027344 0.022135
2 0.215820 0.979818 0.007812 0.009115