2 0.894531 0.109375 0.015625 0.015625
2 0.887370 0.905273 0.022135 0.013672
2 0.881510 0.058594 0.018229 0.009766
2 0.876302 0.480957 0.018229 0.014648
2 0.865885 0.355957 0.023438 0.020508
2 0.854167 0.955078 0.010417 0.005859
2 0.856771 0.878906 0.020833 0.013672
2 0.826823 0.141113 0.018229 0.018555
2 0.824219 0.579102 0.015625 0.009766
2 0.822266 0.788574 0.016927 0.016602
2 0.808594 0.664551 0.015625 0.008789
2 0.802083 0.541016 0.013021 0.011719
2 0.809896 0.091309 0.031250 0.018555
2 0.800130 0.929688 0.016927 0.007812
2 0.785156 0.391602 0.007812 0.007812
2 0.787760 0.837891 0.020833 0.011719
2 0.770182 0.396484 0.009115 0.013672
2 0.772135 0.288086 0.020833 0.023438
2 0.764323 0.241211 0.010417 0.011719
2 0.753906 0.804688 0.007812 0.007812
2 0.752604 0.591309 0.023438 0.016602
2 0.730469 0.721191 0.010417 0.012695
2 0.733073 0.550781 0.015625 0.015625
2 0.736328 0.245605 0.022135 0.014648
2 0.726562 0.639648 0.015625 0.007812
2 0.719401 0.495117 0.014323 0.007812
2 0.722656 0.882812 0.031250 0.015625
2 0.714844 0.702637 0.015625 0.008789
2 0.709635 0.862305 0.015625 0.011719
2 0.727865 0.329102 0.052083 0.023438
2 0.688151 0.259766 0.011719 0.005859
2 0.680339 0.569336 0.016927 0.007812
2 0.666667 0.492188 0.013021 0.019531
2 0.662760 0.537109 0.007812 0.007812
2 0.643880 0.336426 0.014323 0.020508
2 0.638021 0.926270 0.010417 0.014648
2 0.638672 0.811035 0.032552 0.026367
2 0.632812 0.011230 0.026042 0.022461
2 0.628255 0.651855 0.022135 0.010742
2 0.619141 0.321777 0.014323 0.008789
2 0.596354 0.521484 0.010417 0.007812
2 0.597656 0.470215 0.013021 0.014648
2 0.594401 0.451660 0.009115 0.006836
2 0.584635 0.046387 0.023438 0.022461
2 0.579427 0.678223 0.020833 0.010742
2 0.572266 0.480469 0.022135 0.025391
2 0.565104 0.307617 0.013021 0.005859
2 0.563802 0.629395 0.018229 0.010742
2 0.559896 0.253418 0.015625 0.008789
2 0.553385 0.457031 0.010417 0.007812
2 0.553385 0.334473 0.015625 0.008789
2 0.537109 0.003418 0.014323 0.006836
2 0.529297 0.694824 0.011719 0.008789
2 0.519531 0.124023 0.013021 0.013672
2 0.513021 0.945801 0.015625 0.010742
2 0.479818 0.315430 0.029948 0.021484
2 0.475911 0.205566 0.035156 0.018555
2 0.463542 0.004395 0.015625 0.008789
2 0.456380 0.966797 0.011719 0.011719
2 0.454427 0.771973 0.015625 0.012695
2 0.447917 0.875000 0.007812 0.007812
2 0.450521 0.108887 0.013021 0.006836
2 0.438802 0.186523 0.007812 0.007812
2 0.433594 0.618652 0.026042 0.014648
2 0.414714 0.782227 0.016927 0.007812
2 0.409505 0.838867 0.019531 0.011719
2 0.388021 0.555664 0.031250 0.021484
2 0.373047 0.649414 0.014323 0.011719
2 0.370443 0.937012 0.014323 0.016602
2 0.375000 0.181641 0.028646 0.017578
2 0.367839 0.762207 0.019531 0.008789
2 0.360026 0.328613 0.011719 0.010742
2 0.356771 0.660156 0.007812 0.009766
2 0.345052 0.479980 0.013021 0.008789
2 0.347005 0.030273 0.027344 0.015625
2 0.337240 0.782227 0.013021 0.005859
2 0.322266 0.198242 0.009115 0.015625
2 0.321615 0.828613 0.010417 0.006836
2 0.315755 0.383301 0.024740 0.008789
2 0.308594 0.133301 0.020833 0.026367
2 0.303385 0.016113 0.020833 0.012695
2 0.296875 0.252930 0.013021 0.015625
2 0.285156 0.326660 0.010417 0.006836
2 0.279948 0.907227 0.010417 0.017578
2 0.277995 0.068848 0.011719 0.004883
2 0.277995 0.464844 0.029948 0.027344
2 0.263672 0.021484 0.009115 0.011719
2 0.265625 0.653809 0.044271 0.028320
2 0.244792 0.751465 0.010417 0.006836
2 0.247396 0.014648 0.018229 0.007812
2 0.240234 0.467285 0.009115 0.010742
2 0.240885 0.134766 0.013021 0.011719
2 0.227214 0.556152 0.009115 0.008789
2 0.212240 0.723145 0.010417 0.006836
2 0.200521 0.561523 0.015625 0.005859
2 0.209635 0.245605 0.033854 0.034180
2 0.192057 0.078125 0.011719 0.005859
2 0.190104 0.173828 0.010417 0.007812
2 0.179688 0.505859 0.015625 0.013672
2 0.176432 0.399902 0.009115 0.006836
2 0.174479 0.590820 0.010417 0.013672
2 0.153646 0.153809 0.010417 0.008789
2 0.162109 0.659180 0.040365 0.015625
2 0.142578 0.794434 0.011719 0.006836
2 0.130859 0.482910 0.006510 0.008789
2 0.128255 0.402344 0.009115 0.007812
2 0.111979 0.113281 0.013021 0.009766
2 0.098307 0.742188 0.014323 0.005859
2 0.093750 0.067871 0.018229 0.012695
2 0.076823 0.968262 0.015625 0.016602
2 0.063802 0.295410 0.007812 0.006836
2 0.063151 0.645508 0.016927 0.013672
2 0.027344 0.026367 0.010417 0.005859
2 0.027995 0.730469 0.022135 0.027344
2 0.020182 0.215820 0.009115 0.007812