2 0.884115 0.517578 0.007812 0.007812
2 0.879557 0.231934 0.014323 0.010742
2 0.875000 0.675293 0.013021 0.010742
2 0.838542 0.082520 0.007812 0.010742
2 0.822917 0.528809 0.018229 0.008789
2 0.815104 0.561035 0.057292 0.026367
2 0.791667 0.008301 0.023438 0.016602
2 0.770182 0.111328 0.016927 0.007812
2 0.771484 0.767090 0.027344 0.018555
2 0.758464 0.839355 0.022135 0.010742
2 0.735677 0.885254 0.013021 0.014648
2 0.727865 0.318359 0.018229 0.013672
2 0.723307 0.466797 0.011719 0.007812
2 0.721354 0.687012 0.020833 0.016602
2 0.716797 0.661133 0.016927 0.011719
2 0.716797 0.517578 0.022135 0.017578
2 0.699219 0.057617 0.010417 0.007812
2 0.695964 0.728516 0.009115 0.007812
2 0.692057 0.175293 0.014323 0.012695
2 0.697266 0.405273 0.024740 0.019531
2 0.690104 0.994629 0.015625 0.010742
2 0.692057 0.132324 0.042969 0.022461
2 0.653646 0.828613 0.010417 0.008789
2 0.660156 0.957520 0.023438 0.014648
2 0.662760 0.506836 0.031250 0.013672
2 0.624349 0.886719 0.014323 0.011719
2 0.612630 0.344238 0.011719 0.008789
2 0.613932 0.677734 0.022135 0.017578
2 0.603516 0.151367 0.009115 0.007812
2 0.600911 0.458008 0.009115 0.011719
2 0.606120 0.543945 0.019531 0.015625
2 0.596354 0.023926 0.026042 0.016602
2 0.598958 0.226074 0.033854 0.022461
2 0.574219 0.812500 0.015625 0.005859
2 0.565755 0.202148 0.016927 0.011719
2 0.557943 0.507324 0.011719 0.012695
2 0.548177 0.531250 0.018229 0.011719
2 0.548177 0.837402 0.023438 0.020508
2 0.541667 0.898438 0.015625 0.011719
2 0.546875 0.038086 0.039062 0.023438
2 0.531250 0.967285 0.015625 0.012695
2 0.531250 0.447266 0.031250 0.015625
2 0.528646 0.499023 0.031250 0.033203
2 0.520833 0.242676 0.020833 0.012695
2 0.517578 0.331055 0.014323 0.015625
2 0.511719 0.958008 0.010417 0.007812
2 0.476562 0.013184 0.007812 0.006836
2 0.458984 0.315918 0.009115 0.012695
2 0.459635 0.011719 0.013021 0.015625
2 0.449219 0.212891 0.026042 0.017578
2 0.445312 0.434082 0.039062 0.018555
2 0.428385 0.129395 0.010417 0.006836
2 0.424479 0.191895 0.018229 0.022461
2 0.408854 0.996094 0.013021 0.007812
2 0.406901 0.979492 0.014323 0.011719
2 0.404297 0.472656 0.011719 0.007812
2 0.398438 0.049805 0.007812 0.007812
2 0.392578 0.851562 0.011719 0.005859
2 0.380859 0.565918 0.016927 0.006836
2 0.376953 0.367676 0.022135 0.014648
2 0.374349 0.645996 0.024740 0.010742
2 0.363932 0.577637 0.019531 0.008789
2 0.349609 0.776855 0.009115 0.006836
2 0.348958 0.969727 0.020833 0.015625
2 0.339844 0.690430 0.018229 0.011719
2 0.334635 0.887695 0.010417 0.007812
2 0.334635 0.926270 0.010417 0.010742
2 0.309245 0.708984 0.011719 0.007812
2 0.308594 0.174805 0.015625 0.009766
2 0.272135 0.493652 0.015625 0.008789
2 0.265625 0.296875 0.023438 0.011719
2 0.256510 0.033691 0.010417 0.006836
2 0.258464 0.995117 0.027344 0.009766
2 0.232422 0.051758 0.011719 0.005859
2 0.230469 0.998047 0.018229 0.003906
2 0.223958 0.827148 0.015625 0.009766
2 0.199870 0.784668 0.016927 0.014648
2 0.195964 0.030762 0.014323 0.010742
2 0.195964 0.740234 0.016927 0.017578
2 0.188802 0.881348 0.013021 0.012695
2 0.203125 0.278809 0.044271 0.038086
2 0.181641 0.655762 0.016927 0.016602
2 0.173177 0.851074 0.010417 0.008789
2 0.167969 0.489258 0.015625 0.011719
2 0.160156 0.833984 0.007812 0.007812
2 0.134115 0.061523 0.007812 0.009766
2 0.127604 0.792480 0.010417 0.006836
2 0.126953 0.686523 0.011719 0.005859
2 0.101562 0.116699 0.015625 0.008789
2 0.096354 0.781738 0.010417 0.008789
2 0.089193 0.583008 0.019531 0.013672
2 0.087891 0.435059 0.022135 0.010742
2 0.082031 0.707031 0.018229 0.023438
2 0.072917 0.690918 0.010417 0.006836
2 0.068359 0.954590 0.024740 0.026367
2 0.056641 0.073730 0.011719 0.008789
2 0.060547 0.202148 0.022135 0.015625
2 0.055339 0.508301 0.011719 0.010742
2 0.054688 0.585449 0.010417 0.006836
2 0.032552 0.651855 0.010417 0.006836
2 0.015625 0.741211 0.015625 0.023438
2 0.016276 0.335938 0.032552 0.027344
2 0.004557 0.531250 0.009115 0.007812
2 0.609375 0.380371 0.031250 0.016602