2 0.884115 0.482422 0.007812 0.007812
2 0.879557 0.768066 0.014323 0.010742
2 0.875000 0.324707 0.013021 0.010742
2 0.838542 0.917480 0.007812 0.010742
2 0.822917 0.471191 0.018229 0.008789
2 0.815104 0.438965 0.057292 0.026367
2 0.791667 0.991699 0.023438 0.016602
2 0.770182 0.888672 0.016927 0.007812
2 0.771484 0.232910 0.027344 0.018555
2 0.758464 0.160645 0.022135 0.010742
2 0.735677 0.114746 0.013021 0.014648
2 0.727865 0.681641 0.018229 0.013672
2 0.723307 0.533203 0.011719 0.007812
2 0.721354 0.312988 0.020833 0.016602
2 0.716797 0.338867 0.016927 0.011719
2 0.716797 0.482422 0.022135 0.017578
2 0.699219 0.942383 0.010417 0.007812
2 0.695964 0.271484 0.009115 0.007812
2 0.692057 0.824707 0.014323 0.012695
2 0.697266 0.594727 0.024740 0.019531
2 0.690104 0.005371 0.015625 0.010742
2 0.692057 0.867676 0.042969 0.022461
2 0.653646 0.171387 0.010417 0.008789
2 0.660156 0.042480 0.023438 0.014648
2 0.662760 0.493164 0.031250 0.013672
2 0.624349 0.113281 0.014323 0.011719
2 0.612630 0.655762 0.011719 0.008789
2 0.613932 0.322266 0.022135 0.017578
2 0.603516 0.848633 0.009115 0.007812
2 0.600911 0.541992 0.009115 0.011719
2 0.606120 0.456055 0.019531 0.015625
2 0.596354 0.976074 0.026042 0.016602
2 0.598958 0.773926 0.033854 0.022461
2 0.574219 0.187500 0.015625 0.005859
2 0.565755 0.797852 0.016927 0.011719
2 0.557943 0.492676 0.011719 0.012695
2 0.548177 0.468750 0.018229 0.011719
2 0.548177 0.162598 0.023438 0.020508
2 0.541667 0.101562 0.015625 0.011719
2 0.546875 0.961914 0.039062 0.023438
2 0.531250 0.032715 0.015625 0.012695
2 0.531250 0.552734 0.031250 0.015625
2 0.528646 0.500977 0.031250 0.033203
2 0.520833 0.757324 0.020833 0.012695
2 0.517578 0.668945 0.014323 0.015625
2 0.511719 0.041992 0.010417 0.007812
2 0.476562 0.986816 0.007812 0.006836
2 0.458984 0.684082 0.009115 0.012695
2 0.459635 0.988281 0.013021 0.015625
2 0.449219 0.787109 0.026042 0.017578
2 0.445312 0.565918 0.039062 0.018555
2 0.428385 0.870605 0.010417 0.006836
2 0.424479 0.808105 0.018229 0.022461
2 0.408854 0.003906 0.013021 0.007812
2 0.406901 0.020508 0.014323 0.011719
2 0.404297 0.527344 0.011719 0.007812
2 0.398438 0.950195 0.007812 0.007812
2 0.392578 0.148438 0.011719 0.005859
2 0.380859 0.434082 0.016927 0.006836
2 0.376953 0.632324 0.022135 0.014648
2 0.374349 0.354004 0.024740 0.010742
2 0.363932 0.422363 0.019531 0.008789
2 0.349609 0.223145 0.009115 0.006836
2 0.348958 0.030273 0.020833 0.015625
2 0.339844 0.309570 0.018229 0.011719
2 0.334635 0.112305 0.010417 0.007812
2 0.334635 0.073730 0.010417 0.010742
2 0.309245 0.291016 0.011719 0.007812
2 0.308594 0.825195 0.015625 0.009766
2 0.272135 0.506348 0.015625 0.008789
2 0.265625 0.703125 0.023438 0.011719
2 0.256510 0.966309 0.010417 0.006836
2 0.258464 0.004883 0.027344 0.009766
2 0.232422 0.948242 0.011719 0.005859
2 0.230469 0.001953 0.018229 0.003906
2 0.223958 0.172852 0.015625 0.009766
2 0.199870 0.215332 0.016927 0.014648
2 0.195964 0.969238 0.014323 0.010742
2 0.195964 0.259766 0.016927 0.017578
2 0.188802 0.118652 0.013021 0.012695
2 0.203125 0.721191 0.044271 0.038086
2 0.181641 0.344238 0.016927 0.016602
2 0.173177 0.148926 0.010417 0.008789
2 0.167969 0.510742 0.015625 0.011719
2 0.160156 0.166016 0.007812 0.007812
2 0.134115 0.938477 0.007812 0.009766
2 0.127604 0.207520 0.010417 0.006836
2 0.126953 0.313477 0.011719 0.005859
2 0.101562 0.883301 0.015625 0.008789
2 0.096354 0.218262 0.010417 0.008789
2 0.089193 0.416992 0.019531 0.013672
2 0.087891 0.564941 0.022135 0.010742
2 0.082031 0.292969 0.018229 0.023438
2 0.072917 0.309082 0.010417 0.006836
2 0.068359 0.045410 0.024740 0.026367
2 0.056641 0.926270 0.011719 0.008789
2 0.060547 0.797852 0.022135 0.015625
2 0.055339 0.491699 0.011719 0.010742
2 0.054688 0.414551 0.010417 0.006836
2 0.032552 0.348145 0.010417 0.006836
2 0.015625 0.258789 0.015625 0.023438
2 0.016276 0.664062 0.032552 0.027344
2 0.004557 0.468750 0.009115 0.007812
2 0.609375 0.619629 0.031250 0.016602