2 0.115885 0.517578 0.007812 0.007812
2 0.120443 0.231934 0.014323 0.010742
2 0.125000 0.675293 0.013021 0.010742
2 0.161458 0.082520 0.007812 0.010742
2 0.177083 0.528809 0.018229 0.008789
2 0.184896 0.561035 0.057292 0.026367
2 0.208333 0.008301 0.023438 0.016602
2 0.229818 0.111328 0.016927 0.007812
2 0.228516 0.767090 0.027344 0.018555
2 0.241536 0.839355 0.022135 0.010742
2 0.264323 0.885254 0.013021 0.014648
2 0.272135 0.318359 0.018229 0.013672
2 0.276693 0.466797 0.011719 0.007812
2 0.278646 0.687012 0.020833 0.016602
2 0.283203 0.661133 0.016927 0.011719
2 0.283203 0.517578 0.022135 0.017578
2 0.300781 0.057617 0.010417 0.007812
2 0.304036 0.728516 0.009115 0.007812
2 0.307943 0.175293 0.014323 0.012695
2 0.302734 0.405273 0.024740 0.019531
2 0.309896 0.994629 0.015625 0.010742
2 0.307943 0.132324 0.042969 0.022461
2 0.346354 0.828613 0.010417 0.008789
2 0.339844 0.957520 0.023438 0.014648
2 0.337240 0.506836 0.031250 0.013672
2 0.375651 0.886719 0.014323 0.011719
2 0.387370 0.344238 0.011719 0.008789
2 0.386068 0.677734 0.022135 0.017578
2 0.396484 0.151367 0.009115 0.007812
2 0.399089 0.458008 0.009115 0.011719
2 0.393880 0.543945 0.019531 0.015625
2 0.403646 0.023926 0.026042 0.016602
2 0.401042 0.226074 0.033854 0.022461
2 0.425781 0.812500 0.015625 0.005859
2 0.434245 0.202148 0.016927 0.011719
2 0.442057 0.507324 0.011719 0.012695
2 0.451823 0.531250 0.018229 0.011719
2 0.451823 0.837402 0.023438 0.020508
2 0.458333 0.898438 0.015625 0.011719
2 0.453125 0.038086 0.039062 0.023438
2 0.468750 0.967285 0.015625 0.012695
2 0.468750 0.447266 0.031250 0.015625
2 0.471354 0.499023 0.031250 0.033203
2 0.479167 0.242676 0.020833 0.012695
2 0.482422 0.331055 0.014323 0.015625
2 0.488281 0.958008 0.010417 0.007812
2 0.523438 0.013184 0.007812 0.006836
2 0.541016 0.315918 0.009115 0.012695
2 0.540365 0.011719 0.013021 0.015625
2 0.550781 0.212891 0.026042 0.017578
2 0.554688 0.434082 0.039062 0.018555
2 0.571615 0.129395 0.010417 0.006836
2 0.575521 0.191895 0.018229 0.022461
2 0.591146 0.996094 0.013021 0.007812
2 0.593099 0.979492 0.014323 0.011719
2 0.595703 0.472656 0.011719 0.007812
2 0.601562 0.049805 0.007812 0.007812
2 0.607422 0.851562 0.011719 0.005859
2 0.619141 0.565918 0.016927 0.006836
2 0.623047 0.367676 0.022135 0.014648
2 0.625651 0.645996 0.024740 0.010742
2 0.636068 0.577637 0.019531 0.008789
2 0.650391 0.776855 0.009115 0.006836
2 0.651042 0.969727 0.020833 0.015625
2 0.660156 0.690430 0.018229 0.011719
2 0.665365 0.887695 0.010417 0.007812
2 0.665365 0.926270 0.010417 0.010742
2 0.690755 0.708984 0.011719 0.007812
2 0.691406 0.174805 0.015625 0.009766
2 0.727865 0.493652 0.015625 0.008789
2 0.734375 0.296875 0.023438 0.011719
2 0.743490 0.033691 0.010417 0.006836
2 0.741536 0.995117 0.027344 0.009766
2 0.767578 0.051758 0.011719 0.005859
2 0.769531 0.998047 0.018229 0.003906
2 0.776042 0.827148 0.015625 0.009766
2 0.800130 0.784668 0.016927 0.014648
2 0.804036 0.030762 0.014323 0.010742
2 0.804036 0.740234 0.016927 0.017578
2 0.811198 0.881348 0.013021 0.012695
2 0.796875 0.278809 0.044271 0.038086
2 0.818359 0.655762 0.016927 0.016602
2 0.826823 0.851074 0.010417 0.008789
2 0.832031 0.489258 0.015625 0.011719
2 0.839844 0.833984 0.007812 0.007812
2 0.865885 0.061523 0.007812 0.009766
2 0.872396 0.792480 0.010417 0.006836
2 0.873047 0.686523 0.011719 0.005859
2 0.898438 0.116699 0.015625 0.008789
2 0.903646 0.781738 0.010417 0.008789
2 0.910807 0.583008 0.019531 0.013672
2 0.912109 0.435059 0.022135 0.010742
2 0.917969 0.707031 0.018229 0.023438
2 0.927083 0.690918 0.010417 0.006836
2 0.931641 0.954590 0.024740 0.026367
2 0.943359 0.073730 0.011719 0.008789
2 0.939453 0.202148 0.022135 0.015625
2 0.944661 0.508301 0.011719 0.010742
2 0.945312 0.585449 0.010417 0.006836
2 0.967448 0.651855 0.010417 0.006836
2 0.984375 0.741211 0.015625 0.023438
2 0.983724 0.335938 0.032552 0.027344
2 0.995443 0.531250 0.009115 0.007812
2 0.390625 0.380371 0.031250 0.016602