2 0.115885 0.482422 0.007812 0.007812
2 0.120443 0.768066 0.014323 0.010742
2 0.125000 0.324707 0.013021 0.010742
2 0.161458 0.917480 0.007812 0.010742
2 0.177083 0.471191 0.018229 0.008789
2 0.184896 0.438965 0.057292 0.026367
2 0.208333 0.991699 0.023438 0.016602
2 0.229818 0.888672 0.016927 0.007812
2 0.228516 0.232910 0.027344 0.018555
2 0.241536 0.160645 0.022135 0.010742
2 0.264323 0.114746 0.013021 0.014648
2 0.272135 0.681641 0.018229 0.013672
2 0.276693 0.533203 0.011719 0.007812
2 0.278646 0.312988 0.020833 0.016602
2 0.283203 0.338867 0.016927 0.011719
2 0.283203 0.482422 0.022135 0.017578
2 0.300781 0.942383 0.010417 0.007812
2 0.304036 0.271484 0.009115 0.007812
2 0.307943 0.824707 0.014323 0.012695
2 0.302734 0.594727 0.024740 0.019531
2 0.309896 0.005371 0.015625 0.010742
2 0.307943 0.867676 0.042969 0.022461
2 0.346354 0.171387 0.010417 0.008789
2 0.339844 0.042480 0.023438 0.014648
2 0.337240 0.493164 0.031250 0.013672
2 0.375651 0.113281 0.014323 0.011719
2 0.387370 0.655762 0.011719 0.008789
2 0.386068 0.322266 0.022135 0.017578
2 0.396484 0.848633 0.009115 0.007812
2 0.399089 0.541992 0.009115 0.011719
2 0.393880 0.456055 0.019531 0.015625
2 0.403646 0.976074 0.026042 0.016602
2 0.401042 0.773926 0.033854 0.022461
2 0.425781 0.187500 0.015625 0.005859
2 0.434245 0.797852 0.016927 0.011719
2 0.442057 0.492676 0.011719 0.012695
2 0.451823 0.468750 0.018229 0.011719
2 0.451823 0.162598 0.023438 0.020508
2 0.458333 0.101562 0.015625 0.011719
2 0.453125 0.961914 0.039062 0.023438
2 0.468750 0.032715 0.015625 0.012695
2 0.468750 0.552734 0.031250 0.015625
2 0.471354 0.500977 0.031250 0.033203
2 0.479167 0.757324 0.020833 0.012695
2 0.482422 0.668945 0.014323 0.015625
2 0.488281 0.041992 0.010417 0.007812
2 0.523438 0.986816 0.007812 0.006836
2 0.541016 0.684082 0.009115 0.012695
2 0.540365 0.988281 0.013021 0.015625
2 0.550781 0.787109 0.026042 0.017578
2 0.554688 0.565918 0.039062 0.018555
2 0.571615 0.870605 0.010417 0.006836
2 0.575521 0.808105 0.018229 0.022461
2 0.591146 0.003906 0.013021 0.007812
2 0.593099 0.020508 0.014323 0.011719
2 0.595703 0.527344 0.011719 0.007812
2 0.601562 0.950195 0.007812 0.007812
2 0.607422 0.148438 0.011719 0.005859
2 0.619141 0.434082 0.016927 0.006836
2 0.623047 0.632324 0.022135 0.014648
2 0.625651 0.354004 0.024740 0.010742
2 0.636068 0.422363 0.019531 0.008789
2 0.650391 0.223145 0.009115 0.006836
2 0.651042 0.030273 0.020833 0.015625
2 0.660156 0.309570 0.018229 0.011719
2 0.665365 0.112305 0.010417 0.007812
2 0.665365 0.073730 0.010417 0.010742
2 0.690755 0.291016 0.011719 0.007812
2 0.691406 0.825195 0.015625 0.009766
2 0.727865 0.506348 0.015625 0.008789
2 0.734375 0.703125 0.023438 0.011719
2 0.743490 0.966309 0.010417 0.006836
2 0.741536 0.004883 0.027344 0.009766
2 0.767578 0.948242 0.011719 0.005859
2 0.769531 0.001953 0.018229 0.003906
2 0.776042 0.172852 0.015625 0.009766
2 0.800130 0.215332 0.016927 0.014648
2 0.804036 0.969238 0.014323 0.010742
2 0.804036 0.259766 0.016927 0.017578
2 0.811198 0.118652 0.013021 0.012695
2 0.796875 0.721191 0.044271 0.038086
2 0.818359 0.344238 0.016927 0.016602
2 0.826823 0.148926 0.010417 0.008789
2 0.832031 0.510742 0.015625 0.011719
2 0.839844 0.166016 0.007812 0.007812
2 0.865885 0.938477 0.007812 0.009766
2 0.872396 0.207520 0.010417 0.006836
2 0.873047 0.313477 0.011719 0.005859
2 0.898438 0.883301 0.015625 0.008789
2 0.903646 0.218262 0.010417 0.008789
2 0.910807 0.416992 0.019531 0.013672
2 0.912109 0.564941 0.022135 0.010742
2 0.917969 0.292969 0.018229 0.023438
2 0.927083 0.309082 0.010417 0.006836
2 0.931641 0.045410 0.024740 0.026367
2 0.943359 0.926270 0.011719 0.008789
2 0.939453 0.797852 0.022135 0.015625
2 0.944661 0.491699 0.011719 0.010742
2 0.945312 0.414551 0.010417 0.006836
2 0.967448 0.348145 0.010417 0.006836
2 0.984375 0.258789 0.015625 0.023438
2 0.983724 0.664062 0.032552 0.027344
2 0.995443 0.468750 0.009115 0.007812
2 0.390625 0.619629 0.031250 0.016602