2 0.482422 0.884115 0.007812 0.007812
2 0.768066 0.879557 0.010742 0.014323
2 0.324707 0.875000 0.010742 0.013021
2 0.917480 0.838542 0.010742 0.007812
2 0.471191 0.822917 0.008789 0.018229
2 0.438965 0.815104 0.026367 0.057292
2 0.991699 0.791667 0.016602 0.023438
2 0.888672 0.770182 0.007812 0.016927
2 0.232910 0.771484 0.018555 0.027344
2 0.160645 0.758464 0.010742 0.022135
2 0.114746 0.735677 0.014648 0.013021
2 0.681641 0.727865 0.013672 0.018229
2 0.533203 0.723307 0.007812 0.011719
2 0.312988 0.721354 0.016602 0.020833
2 0.338867 0.716797 0.011719 0.016927
2 0.482422 0.716797 0.017578 0.022135
2 0.942383 0.699219 0.007812 0.010417
2 0.271484 0.695964 0.007812 0.009115
2 0.824707 0.692057 0.012695 0.014323
2 0.594727 0.697266 0.019531 0.024740
2 0.005371 0.690104 0.010742 0.015625
2 0.867676 0.692057 0.022461 0.042969
2 0.171387 0.653646 0.008789 0.010417
2 0.042480 0.660156 0.014648 0.023438
2 0.493164 0.662760 0.013672 0.031250
2 0.113281 0.624349 0.011719 0.014323
2 0.655762 0.612630 0.008789 0.011719
2 0.322266 0.613932 0.017578 0.022135
2 0.848633 0.603516 0.007812 0.009115
2 0.541992 0.600911 0.011719 0.009115
2 0.456055 0.606120 0.015625 0.019531
2 0.976074 0.596354 0.016602 0.026042
2 0.773926 0.598958 0.022461 0.033854
2 0.187500 0.574219 0.005859 0.015625
2 0.797852 0.565755 0.011719 0.016927
2 0.492676 0.557943 0.012695 0.011719
2 0.468750 0.548177 0.011719 0.018229
2 0.162598 0.548177 0.020508 0.023438
2 0.101562 0.541667 0.011719 0.015625
2 0.961914 0.546875 0.023438 0.039062
2 0.032715 0.531250 0.012695 0.015625
2 0.552734 0.531250 0.015625 0.031250
2 0.500977 0.528646 0.033203 0.031250
2 0.757324 0.520833 0.012695 0.020833
2 0.668945 0.517578 0.015625 0.014323
2 0.041992 0.511719 0.007812 0.010417
2 0.986816 0.476562 0.006836 0.007812
2 0.684082 0.458984 0.012695 0.009115
2 0.988281 0.459635 0.015625 0.013021
2 0.787109 0.449219 0.017578 0.026042
2 0.565918 0.445312 0.018555 0.039062
2 0.870605 0.428385 0.006836 0.010417
2 0.808105 0.424479 0.022461 0.018229
2 0.003906 0.408854 0.007812 0.013021
2 0.020508 0.406901 0.011719 0.014323
2 0.527344 0.404297 0.007812 0.011719
2 0.950195 0.398438 0.007812 0.007812
2 0.148438 0.392578 0.005859 0.011719
2 0.434082 0.380859 0.006836 0.016927
2 0.632324 0.376953 0.014648 0.022135
2 0.354004 0.374349 0.010742 0.024740
2 0.422363 0.363932 0.008789 0.019531
2 0.223145 0.349609 0.006836 0.009115
2 0.030273 0.348958 0.015625 0.020833
2 0.309570 0.339844 0.011719 0.018229
2 0.112305 0.334635 0.007812 0.010417
2 0.073730 0.334635 0.010742 0.010417
2 0.291016 0.309245 0.007812 0.011719
2 0.825195 0.308594 0.009766 0.015625
2 0.506348 0.272135 0.008789 0.015625
2 0.703125 0.265625 0.011719 0.023438
2 0.966309 0.256510 0.006836 0.010417
2 0.004883 0.258464 0.009766 0.027344
2 0.948242 0.232422 0.005859 0.011719
2 0.001953 0.230469 0.003906 0.018229
2 0.172852 0.223958 0.009766 0.015625
2 0.215332 0.199870 0.014648 0.016927
2 0.969238 0.195964 0.010742 0.014323
2 0.259766 0.195964 0.017578 0.016927
2 0.118652 0.188802 0.012695 0.013021
2 0.721191 0.203125 0.038086 0.044271
2 0.344238 0.181641 0.016602 0.016927
2 0.148926 0.173177 0.008789 0.010417
2 0.510742 0.167969 0.011719 0.015625
2 0.166016 0.160156 0.007812 0.007812
2 0.938477 0.134115 0.009766 0.007812
2 0.207520 0.127604 0.006836 0.010417
2 0.313477 0.126953 0.005859 0.011719
2 0.883301 0.101562 0.008789 0.015625
2 0.218262 0.096354 0.008789 0.010417
2 0.416992 0.089193 0.013672 0.019531
2 0.564941 0.087891 0.010742 0.022135
2 0.292969 0.082031 0.023438 0.018229
2 0.309082 0.072917 0.006836 0.010417
2 0.045410 0.068359 0.026367 0.024740
2 0.926270 0.056641 0.008789 0.011719
2 0.797852 0.060547 0.015625 0.022135
2 0.491699 0.055339 0.010742 0.011719
2 0.414551 0.054688 0.006836 0.010417
2 0.348145 0.032552 0.006836 0.010417
2 0.258789 0.015625 0.023438 0.015625
2 0.664062 0.016276 0.027344 0.032552
2 0.468750 0.004557 0.007812 0.009115
2 0.619629 0.609375 0.016602 0.031250