2 0.376953 0.600260 0.007812 0.010417
2 0.366211 0.463542 0.007812 0.010417
2 0.023926 0.445312 0.006836 0.015625
2 0.231934 0.358724 0.028320 0.045573
2 0.428711 0.296224 0.007812 0.014323
2 0.128906 0.244141 0.009766 0.011719
2 0.387207 0.108724 0.008789 0.009115
2 0.271484 0.765625 0.050781 0.052083
2 0.420898 0.868490 0.031250 0.020833
2 0.469238 0.867188 0.018555 0.015625
2 0.694824 0.773438 0.012695 0.028646
2 0.754395 0.730469 0.022461 0.033854
2 0.737305 0.638021 0.003906 0.020833
2 0.650879 0.708333 0.008789 0.015625
2 0.308105 0.587891 0.022461 0.027344
2 0.185547 0.582682 0.019531 0.027344
2 0.084473 0.597656 0.028320 0.020833
2 0.062500 0.648438 0.023438 0.020833
2 0.131836 0.544922 0.025391 0.022135
2 0.182129 0.221354 0.014648 0.020833
2 0.768555 0.414714 0.023438 0.037760
2 0.546387 0.270182 0.030273 0.037760
2 0.697266 0.181641 0.025391 0.019531