2 0.623047 0.399740 0.007812 0.010417
2 0.633789 0.536458 0.007812 0.010417
2 0.976074 0.554688 0.006836 0.015625
2 0.768066 0.641276 0.028320 0.045573
2 0.571289 0.703776 0.007812 0.014323
2 0.871094 0.755859 0.009766 0.011719
2 0.612793 0.891276 0.008789 0.009115
2 0.728516 0.234375 0.050781 0.052083
2 0.579102 0.131510 0.031250 0.020833
2 0.530762 0.132812 0.018555 0.015625
2 0.305176 0.226562 0.012695 0.028646
2 0.245605 0.269531 0.022461 0.033854
2 0.262695 0.361979 0.003906 0.020833
2 0.349121 0.291667 0.008789 0.015625
2 0.691895 0.412109 0.022461 0.027344
2 0.814453 0.417318 0.019531 0.027344
2 0.915527 0.402344 0.028320 0.020833
2 0.937500 0.351562 0.023438 0.020833
2 0.868164 0.455078 0.025391 0.022135
2 0.817871 0.778646 0.014648 0.020833
2 0.231445 0.585286 0.023438 0.037760
2 0.453613 0.729818 0.030273 0.037760
2 0.302734 0.818359 0.025391 0.019531