2 0.399740 0.623047 0.010417 0.007812
2 0.536458 0.633789 0.010417 0.007812
2 0.554688 0.976074 0.015625 0.006836
2 0.641276 0.768066 0.045573 0.028320
2 0.703776 0.571289 0.014323 0.007812
2 0.755859 0.871094 0.011719 0.009766
2 0.891276 0.612793 0.009115 0.008789
2 0.234375 0.728516 0.052083 0.050781
2 0.131510 0.579102 0.020833 0.031250
2 0.132812 0.530762 0.015625 0.018555
2 0.226562 0.305176 0.028646 0.012695
2 0.269531 0.245605 0.033854 0.022461
2 0.361979 0.262695 0.020833 0.003906
2 0.291667 0.349121 0.015625 0.008789
2 0.412109 0.691895 0.027344 0.022461
2 0.417318 0.814453 0.027344 0.019531
2 0.402344 0.915527 0.020833 0.028320
2 0.351562 0.937500 0.020833 0.023438
2 0.455078 0.868164 0.022135 0.025391
2 0.778646 0.817871 0.020833 0.014648
2 0.585286 0.231445 0.037760 0.023438
2 0.729818 0.453613 0.037760 0.030273
2 0.818359 0.302734 0.019531 0.025391