2 0.623047 0.600260 0.007812 0.010417
2 0.633789 0.463542 0.007812 0.010417
2 0.976074 0.445312 0.006836 0.015625
2 0.768066 0.358724 0.028320 0.045573
2 0.571289 0.296224 0.007812 0.014323
2 0.871094 0.244141 0.009766 0.011719
2 0.612793 0.108724 0.008789 0.009115
2 0.728516 0.765625 0.050781 0.052083
2 0.579102 0.868490 0.031250 0.020833
2 0.530762 0.867188 0.018555 0.015625
2 0.305176 0.773438 0.012695 0.028646
2 0.245605 0.730469 0.022461 0.033854
2 0.262695 0.638021 0.003906 0.020833
2 0.349121 0.708333 0.008789 0.015625
2 0.691895 0.587891 0.022461 0.027344
2 0.814453 0.582682 0.019531 0.027344
2 0.915527 0.597656 0.028320 0.020833
2 0.937500 0.648438 0.023438 0.020833
2 0.868164 0.544922 0.025391 0.022135
2 0.817871 0.221354 0.014648 0.020833
2 0.231445 0.414714 0.023438 0.037760
2 0.453613 0.270182 0.030273 0.037760
2 0.302734 0.181641 0.025391 0.019531