0 0.908203 0.334473 0.009115 0.006836
0 0.902344 0.125977 0.010417 0.005859
0 0.895833 0.653320 0.007812 0.007812
0 0.894531 0.517578 0.007812 0.007812
0 0.893229 0.447754 0.010417 0.008789
0 0.884766 0.169434 0.014323 0.010742
0 0.886719 0.093750 0.018229 0.005859
0 0.886068 0.081055 0.016927 0.007812
0 0.879557 0.297363 0.011719 0.006836
0 0.876953 0.226074 0.009115 0.006836
0 0.876953 0.875488 0.014323 0.010742
0 0.869792 0.937988 0.010417 0.006836
0 0.869141 0.184082 0.011719 0.006836
0 0.867839 0.701172 0.011719 0.009766
0 0.862630 0.243164 0.011719 0.007812
0 0.861328 0.922852 0.011719 0.013672
0 0.862630 0.800781 0.014323 0.007812
0 0.858073 0.401855 0.010417 0.012695
0 0.858073 0.499512 0.013021 0.016602
0 0.850911 0.950195 0.009115 0.007812
0 0.847005 0.257324 0.014323 0.006836
0 0.847656 0.018066 0.015625 0.008789
0 0.844401 0.118652 0.014323 0.010742
0 0.841797 0.030762 0.009115 0.006836
0 0.839844 0.895020 0.007812 0.012695
0 0.842448 0.663574 0.013021 0.006836
0 0.842448 0.336914 0.015625 0.007812
0 0.847005 0.300781 0.024740 0.015625
0 0.840495 0.749023 0.014323 0.009766
0 0.835286 0.764648 0.009115 0.005859
0 0.847656 0.215820 0.033854 0.013672
0 0.841146 0.718750 0.026042 0.017578
0 0.835938 0.624023 0.026042 0.019531
0 0.828776 0.457031 0.014323 0.009766
0 0.826823 0.428223 0.015625 0.008789
0 0.825521 0.905273 0.015625 0.005859
0 0.817057 0.836914 0.009115 0.009766
0 0.818359 0.996582 0.014323 0.006836
0 0.815755 0.892090 0.009115 0.010742
0 0.808594 0.179199 0.013021 0.010742
0 0.805990 0.036133 0.010417 0.007812
0 0.804688 0.680176 0.010417 0.006836
0 0.804036 0.920410 0.011719 0.008789
0 0.800781 0.089844 0.010417 0.007812
0 0.802083 0.253906 0.015625 0.011719
0 0.796875 0.951660 0.007812 0.008789
0 0.799479 0.340820 0.013021 0.007812
0 0.795573 0.643066 0.007812 0.006836
0 0.796224 0.474121 0.009115 0.006836
0 0.793620 0.857910 0.011719 0.008789
0 0.790365 0.155762 0.010417 0.006836
0 0.781901 0.720703 0.016927 0.007812
0 0.777995 0.232422 0.014323 0.005859
0 0.773438 0.700195 0.015625 0.013672
0 0.771484 0.865723 0.014323 0.008789
0 0.770833 0.779297 0.018229 0.017578
0 0.764974 0.107910 0.009115 0.008789
0 0.759766 0.397949 0.009115 0.008789
0 0.768880 0.571289 0.029948 0.015625
0 0.755208 0.468262 0.010417 0.006836
0 0.766927 0.271973 0.039062 0.059570
0 0.751302 0.158203 0.010417 0.007812
0 0.739583 0.125000 0.007812 0.009766
0 0.735026 0.402344 0.016927 0.009766
0 0.731771 0.004883 0.010417 0.009766
0 0.729167 0.754883 0.010417 0.007812
0 0.731120 0.347168 0.014323 0.006836
0 0.724609 0.692871 0.009115 0.008789
0 0.726562 0.464844 0.013021 0.019531
0 0.738281 0.036621 0.041667 0.024414
0 0.720052 0.842773 0.007812 0.007812
0 0.720703 0.528809 0.011719 0.018555
0 0.720703 0.802734 0.014323 0.011719
0 0.714844 0.733398 0.010417 0.013672
0 0.710938 0.371582 0.013021 0.012695
0 0.710286 0.224121 0.011719 0.008789
0 0.708984 0.311523 0.014323 0.009766
0 0.705078 0.651855 0.009115 0.006836
0 0.712891 0.877441 0.027344 0.012695
0 0.703125 0.046387 0.007812 0.014648
0 0.705729 0.116699 0.018229 0.020508
0 0.709635 0.992188 0.028646 0.015625
0 0.699870 0.784180 0.011719 0.011719
0 0.703125 0.907715 0.023438 0.006836
0 0.694661 0.746094 0.016927 0.015625
0 0.691406 0.943359 0.015625 0.005859
0 0.690104 0.481934 0.018229 0.012695
0 0.686198 0.795898 0.013021 0.011719
0 0.685547 0.154785 0.011719 0.012695
0 0.706380 0.578613 0.055990 0.038086
0 0.682292 0.462891 0.013021 0.007812
0 0.682292 0.403320 0.023438 0.023438
0 0.677083 0.978516 0.020833 0.019531
0 0.668620 0.815918 0.009115 0.008789
0 0.667318 0.656250 0.011719 0.013672
0 0.664714 0.862793 0.009115 0.006836
0 0.664714 0.463867 0.009115 0.007812
0 0.666667 0.270996 0.013021 0.006836
0 0.662760 0.513672 0.007812 0.007812
0 0.659505 0.019531 0.011719 0.007812
0 0.652344 0.066406 0.007812 0.007812
0 0.651042 0.354980 0.013021 0.008789
0 0.647786 0.341797 0.016927 0.011719
0 0.640625 0.498535 0.015625 0.010742
0 0.636068 0.955566 0.009115 0.006836
0 0.637370 0.722656 0.011719 0.007812
0 0.636719 0.177246 0.010417 0.008789
0 0.639323 0.578613 0.023438 0.014648
0 0.635417 0.919434 0.018229 0.014648
0 0.646484 0.383789 0.040365 0.015625
0 0.638672 0.156738 0.024740 0.010742
0 0.630859 0.994629 0.014323 0.010742
0 0.626302 0.071289 0.013021 0.005859
0 0.615885 0.663574 0.013021 0.014648
0 0.608724 0.925293 0.016927 0.014648
0 0.601562 0.690918 0.007812 0.008789
0 0.611328 0.259277 0.029948 0.024414
0 0.602865 0.878906 0.015625 0.015625
0 0.613281 0.803223 0.036458 0.022461
0 0.613281 0.371582 0.036458 0.020508
0 0.600911 0.543457 0.014323 0.016602
0 0.602214 0.089355 0.016927 0.014648
0 0.597656 0.208496 0.015625 0.008789
0 0.589844 0.071777 0.010417 0.006836
0 0.583984 0.363281 0.009115 0.005859
0 0.583984 0.187500 0.014323 0.011719
0 0.580078 0.866699 0.016927 0.008789
0 0.588542 0.776855 0.036458 0.020508
0 0.578125 0.143555 0.018229 0.015625
0 0.573568 0.723145 0.011719 0.012695
0 0.591146 0.311523 0.052083 0.039062
0 0.569010 0.905762 0.018229 0.012695
0 0.574219 0.395508 0.033854 0.009766
0 0.561198 0.082031 0.013021 0.009766
0 0.565755 0.889648 0.024740 0.007812
0 0.561198 0.237793 0.020833 0.014648
0 0.553385 0.647461 0.015625 0.005859
0 0.550781 0.104492 0.013021 0.009766
0 0.546224 0.209473 0.014323 0.010742
0 0.544922 0.063965 0.011719 0.010742
0 0.545573 0.445801 0.015625 0.010742
0 0.539714 0.741699 0.009115 0.006836
0 0.541667 0.403320 0.013021 0.007812
0 0.545573 0.046875 0.023438 0.011719
0 0.538411 0.260254 0.014323 0.004883
0 0.534505 0.713379 0.009115 0.006836
0 0.542969 0.132324 0.026042 0.020508
0 0.530599 0.862793 0.009115 0.006836
0 0.529297 0.014648 0.009115 0.007812
0 0.528646 0.943848 0.013021 0.006836
0 0.526693 0.634766 0.011719 0.015625
0 0.520833 0.750488 0.018229 0.012695
0 0.509115 0.586426 0.015625 0.010742
0 0.513021 0.068848 0.028646 0.026367
0 0.506510 0.278320 0.018229 0.017578
0 0.504557 0.948730 0.016927 0.006836
0 0.497396 0.467773 0.010417 0.007812
0 0.493490 0.822266 0.013021 0.007812
0 0.486328 0.100586 0.009115 0.005859
0 0.483724 0.604492 0.011719 0.007812
0 0.483724 0.286621 0.011719 0.006836
0 0.479818 0.335938 0.009115 0.007812
0 0.474609 0.497559 0.009115 0.008789
0 0.470703 0.703613 0.009115 0.006836
0 0.467448 0.838379 0.010417 0.010742
0 0.460938 0.728516 0.010417 0.007812
0 0.464844 0.433594 0.018229 0.007812
0 0.464193 0.398438 0.016927 0.011719
0 0.462240 0.364746 0.015625 0.012695
0 0.455078 0.908203 0.016927 0.005859
0 0.451172 0.677246 0.011719 0.006836
0 0.448568 0.105469 0.009115 0.007812
0 0.447917 0.644531 0.018229 0.009766
0 0.450521 0.145508 0.031250 0.025391
0 0.438802 0.298828 0.013021 0.007812
0 0.434245 0.746094 0.016927 0.015625
0 0.430339 0.923340 0.016927 0.014648
0 0.436849 0.551270 0.032552 0.016602
0 0.420573 0.768066 0.013021 0.008789
0 0.420573 0.468262 0.018229 0.010742
0 0.417969 0.978516 0.018229 0.009766
0 0.409505 0.794922 0.011719 0.005859
0 0.427083 0.355469 0.052083 0.029297
0 0.404297 0.893066 0.009115 0.008789
0 0.401693 0.184570 0.009115 0.007812
0 0.406901 0.092773 0.019531 0.011719
0 0.399740 0.839355 0.010417 0.006836
0 0.397786 0.913574 0.011719 0.010742
0 0.397135 0.261719 0.010417 0.005859
0 0.396484 0.453613 0.014323 0.014648
0 0.393229 0.536133 0.015625 0.013672
0 0.384115 0.332520 0.010417 0.006836
0 0.393880 0.066406 0.035156 0.021484
0 0.380859 0.211426 0.011719 0.006836
0 0.384115 0.977539 0.023438 0.013672
0 0.379557 0.874512 0.014323 0.008789
0 0.378906 0.711914 0.013021 0.009766
0 0.376302 0.911133 0.010417 0.005859
0 0.374349 0.767090 0.014323 0.008789
0 0.373047 0.834961 0.014323 0.007812
0 0.360677 0.140625 0.015625 0.011719
0 0.361328 0.182129 0.022135 0.016602
0 0.363281 0.944336 0.028646 0.023438
0 0.353516 0.832031 0.009115 0.009766
0 0.354167 0.674316 0.010417 0.006836
0 0.356771 0.357422 0.015625 0.007812
0 0.355469 0.260742 0.013021 0.007812
0 0.350260 0.467285 0.013021 0.010742
0 0.345703 0.016602 0.014323 0.013672
0 0.343099 0.522461 0.016927 0.011719
0 0.339193 0.749512 0.011719 0.006836
0 0.339193 0.327637 0.011719 0.004883
0 0.338542 0.189941 0.010417 0.008789
0 0.343099 0.395996 0.022135 0.016602
0 0.333333 0.761719 0.010417 0.005859
0 0.333333 0.607422 0.015625 0.013672
0 0.326172 0.898926 0.016927 0.014648
0 0.324219 0.448242 0.020833 0.019531
0 0.318359 0.038086 0.011719 0.009766
0 0.347005 0.224609 0.071615 0.042969
0 0.317708 0.859863 0.015625 0.012695
0 0.313802 0.323730 0.015625 0.008789
0 0.310547 0.498047 0.011719 0.007812
0 0.311849 0.353516 0.014323 0.007812
0 0.309245 0.283691 0.014323 0.006836
0 0.307292 0.931152 0.013021 0.010742
0 0.324870 0.374023 0.050781 0.019531
0 0.309245 0.784668 0.022135 0.006836
0 0.309896 0.746094 0.026042 0.017578
0 0.299479 0.214844 0.010417 0.005859
0 0.300781 0.172363 0.013021 0.012695
0 0.292969 0.568359 0.007812 0.007812
0 0.287760 0.310547 0.010417 0.005859
0 0.285807 0.363770 0.014323 0.010742
0 0.281901 0.256836 0.009115 0.005859
0 0.283854 0.031738 0.018229 0.008789
0 0.275391 0.134277 0.009115 0.006836
0 0.272786 0.497070 0.009115 0.007812
0 0.276042 0.327637 0.018229 0.010742
0 0.268880 0.970703 0.009115 0.007812
0 0.268880 0.770996 0.014323 0.008789
0 0.286458 0.414551 0.052083 0.034180
0 0.272786 0.873535 0.027344 0.018555
0 0.262370 0.265137 0.009115 0.006836
0 0.269531 0.050781 0.023438 0.017578
0 0.259766 0.440430 0.014323 0.009766
0 0.257161 0.712402 0.011719 0.006836
0 0.255208 0.639648 0.007812 0.007812
0 0.253906 0.951660 0.007812 0.008789
0 0.252604 0.202148 0.007812 0.007812
0 0.250000 0.346191 0.010417 0.008789
0 0.246745 0.749023 0.009115 0.009766
0 0.248698 0.458984 0.013021 0.009766
0 0.252604 0.566406 0.026042 0.013672
0 0.241536 0.620117 0.016927 0.015625
0 0.234375 0.441895 0.010417 0.010742
0 0.239583 0.124512 0.020833 0.018555
0 0.233724 0.694824 0.016927 0.012695
0 0.231771 0.246582 0.015625 0.006836
0 0.226562 0.183594 0.013021 0.009766
0 0.231120 0.213867 0.024740 0.021484
0 0.219401 0.380371 0.011719 0.010742
0 0.217448 0.728516 0.015625 0.007812
0 0.213542 0.639648 0.015625 0.007812
0 0.211589 0.617676 0.016927 0.008789
0 0.211589 0.816406 0.024740 0.017578
0 0.204427 0.327148 0.010417 0.007812
0 0.203125 0.164551 0.007812 0.006836
0 0.203125 0.053223 0.018229 0.034180
0 0.197917 0.419922 0.015625 0.015625
0 0.189453 0.496094 0.011719 0.009766
0 0.201823 0.883789 0.044271 0.033203
0 0.187500 0.701172 0.015625 0.015625
0 0.184896 0.077148 0.010417 0.007812
0 0.198568 0.575195 0.040365 0.019531
0 0.189453 0.954102 0.024740 0.023438
0 0.186198 0.352051 0.018229 0.012695
0 0.179688 0.332031 0.010417 0.009766
0 0.175781 0.830078 0.015625 0.011719
0 0.173177 0.443359 0.010417 0.007812
0 0.175130 0.367676 0.014323 0.008789
0 0.162760 0.685547 0.010417 0.013672
0 0.157552 0.156738 0.007812 0.012695
0 0.154948 0.871094 0.007812 0.007812
0 0.147135 0.843750 0.010417 0.005859
0 0.143880 0.299805 0.011719 0.009766
0 0.143880 0.385742 0.014323 0.011719
0 0.141927 0.950195 0.018229 0.009766
0 0.133464 0.231934 0.009115 0.006836
0 0.134115 0.409668 0.015625 0.010742
0 0.130859 0.666992 0.011719 0.007812
0 0.130859 0.482910 0.011719 0.008789
0 0.130208 0.334961 0.010417 0.007812
0 0.131510 0.916016 0.020833 0.009766
0 0.130208 0.826660 0.020833 0.018555
0 0.123698 0.976562 0.013021 0.007812
0 0.117839 0.945312 0.014323 0.015625
0 0.122396 0.757812 0.026042 0.011719
0 0.115885 0.080078 0.013021 0.009766
0 0.115885 0.181152 0.015625 0.006836
0 0.110026 0.411621 0.009115 0.008789
0 0.107422 0.533691 0.014323 0.006836
0 0.108724 0.387695 0.016927 0.013672
0 0.106120 0.984375 0.014323 0.007812
0 0.106120 0.302246 0.024740 0.020508
0 0.096354 0.048340 0.010417 0.010742
0 0.094401 0.481934 0.009115 0.006836
0 0.093750 0.082520 0.013021 0.008789
0 0.090495 0.361328 0.009115 0.007812
0 0.091797 0.730469 0.019531 0.015625
0 0.095052 0.445801 0.026042 0.010742
0 0.086589 0.346191 0.014323 0.006836
0 0.088542 0.842285 0.020833 0.016602
0 0.093750 0.242188 0.036458 0.029297
0 0.076172 0.413574 0.009115 0.012695
0 0.067057 0.527344 0.009115 0.007812
0 0.079427 0.606445 0.036458 0.011719
0 0.065104 0.346680 0.010417 0.005859
0 0.064453 0.287109 0.014323 0.015625
0 0.067057 0.487793 0.022135 0.018555
0 0.064453 0.377441 0.022135 0.012695
0 0.054688 0.928711 0.028646 0.023438
0 0.046875 0.348633 0.013021 0.005859
0 0.043620 0.162598 0.009115 0.006836
0 0.052734 0.082520 0.027344 0.012695
0 0.044922 0.039551 0.011719 0.006836
0 0.041016 0.724121 0.011719 0.010742
0 0.039062 0.593750 0.010417 0.009766
0 0.037760 0.869141 0.010417 0.005859
0 0.035156 0.824219 0.010417 0.005859
0 0.033854 0.954590 0.013021 0.008789
0 0.044922 0.980957 0.040365 0.012695
0 0.033854 0.200684 0.020833 0.016602
0 0.031901 0.508301 0.019531 0.010742
0 0.024089 0.397949 0.014323 0.012695
0 0.019531 0.076660 0.007812 0.008789
0 0.019531 0.324219 0.013021 0.007812
0 0.017578 0.534668 0.011719 0.008789
0 0.013021 0.514648 0.010417 0.007812
0 0.017578 0.039062 0.022135 0.009766
0 0.013021 0.482910 0.015625 0.010742
0 0.007812 0.695312 0.015625 0.005859
0 0.004557 0.087891 0.009115 0.007812
0 0.008464 0.004395 0.016927 0.008789
0 0.875000 0.414062 0.015625 0.011719
0 0.869792 0.464355 0.015625 0.014648