0 0.334473 0.908203 0.006836 0.009115
0 0.125977 0.902344 0.005859 0.010417
0 0.653320 0.895833 0.007812 0.007812
0 0.517578 0.894531 0.007812 0.007812
0 0.447754 0.893229 0.008789 0.010417
0 0.169434 0.884766 0.010742 0.014323
0 0.093750 0.886719 0.005859 0.018229
0 0.081055 0.886068 0.007812 0.016927
0 0.297363 0.879557 0.006836 0.011719
0 0.226074 0.876953 0.006836 0.009115
0 0.875488 0.876953 0.010742 0.014323
0 0.937988 0.869792 0.006836 0.010417
0 0.184082 0.869141 0.006836 0.011719
0 0.701172 0.867839 0.009766 0.011719
0 0.243164 0.862630 0.007812 0.011719
0 0.922852 0.861328 0.013672 0.011719
0 0.800781 0.862630 0.007812 0.014323
0 0.401855 0.858073 0.012695 0.010417
0 0.499512 0.858073 0.016602 0.013021
0 0.950195 0.850911 0.007812 0.009115
0 0.257324 0.847005 0.006836 0.014323
0 0.018066 0.847656 0.008789 0.015625
0 0.118652 0.844401 0.010742 0.014323
0 0.030762 0.841797 0.006836 0.009115
0 0.895020 0.839844 0.012695 0.007812
0 0.663574 0.842448 0.006836 0.013021
0 0.336914 0.842448 0.007812 0.015625
0 0.300781 0.847005 0.015625 0.024740
0 0.749023 0.840495 0.009766 0.014323
0 0.764648 0.835286 0.005859 0.009115
0 0.215820 0.847656 0.013672 0.033854
0 0.718750 0.841146 0.017578 0.026042
0 0.624023 0.835938 0.019531 0.026042
0 0.457031 0.828776 0.009766 0.014323
0 0.428223 0.826823 0.008789 0.015625
0 0.905273 0.825521 0.005859 0.015625
0 0.836914 0.817057 0.009766 0.009115
0 0.996582 0.818359 0.006836 0.014323
0 0.892090 0.815755 0.010742 0.009115
0 0.179199 0.808594 0.010742 0.013021
0 0.036133 0.805990 0.007812 0.010417
0 0.680176 0.804688 0.006836 0.010417
0 0.920410 0.804036 0.008789 0.011719
0 0.089844 0.800781 0.007812 0.010417
0 0.253906 0.802083 0.011719 0.015625
0 0.951660 0.796875 0.008789 0.007812
0 0.340820 0.799479 0.007812 0.013021
0 0.643066 0.795573 0.006836 0.007812
0 0.474121 0.796224 0.006836 0.009115
0 0.857910 0.793620 0.008789 0.011719
0 0.155762 0.790365 0.006836 0.010417
0 0.720703 0.781901 0.007812 0.016927
0 0.232422 0.777995 0.005859 0.014323
0 0.700195 0.773438 0.013672 0.015625
0 0.865723 0.771484 0.008789 0.014323
0 0.779297 0.770833 0.017578 0.018229
0 0.107910 0.764974 0.008789 0.009115
0 0.397949 0.759766 0.008789 0.009115
0 0.571289 0.768880 0.015625 0.029948
0 0.468262 0.755208 0.006836 0.010417
0 0.271973 0.766927 0.059570 0.039062
0 0.158203 0.751302 0.007812 0.010417
0 0.125000 0.739583 0.009766 0.007812
0 0.402344 0.735026 0.009766 0.016927
0 0.004883 0.731771 0.009766 0.010417
0 0.754883 0.729167 0.007812 0.010417
0 0.347168 0.731120 0.006836 0.014323
0 0.692871 0.724609 0.008789 0.009115
0 0.464844 0.726562 0.019531 0.013021
0 0.036621 0.738281 0.024414 0.041667
0 0.842773 0.720052 0.007812 0.007812
0 0.528809 0.720703 0.018555 0.011719
0 0.802734 0.720703 0.011719 0.014323
0 0.733398 0.714844 0.013672 0.010417
0 0.371582 0.710938 0.012695 0.013021
0 0.224121 0.710286 0.008789 0.011719
0 0.311523 0.708984 0.009766 0.014323
0 0.651855 0.705078 0.006836 0.009115
0 0.877441 0.712891 0.012695 0.027344
0 0.046387 0.703125 0.014648 0.007812
0 0.116699 0.705729 0.020508 0.018229
0 0.992188 0.709635 0.015625 0.028646
0 0.784180 0.699870 0.011719 0.011719
0 0.907715 0.703125 0.006836 0.023438
0 0.746094 0.694661 0.015625 0.016927
0 0.943359 0.691406 0.005859 0.015625
0 0.481934 0.690104 0.012695 0.018229
0 0.795898 0.686198 0.011719 0.013021
0 0.154785 0.685547 0.012695 0.011719
0 0.578613 0.706380 0.038086 0.055990
0 0.462891 0.682292 0.007812 0.013021
0 0.403320 0.682292 0.023438 0.023438
0 0.978516 0.677083 0.019531 0.020833
0 0.815918 0.668620 0.008789 0.009115
0 0.656250 0.667318 0.013672 0.011719
0 0.862793 0.664714 0.006836 0.009115
0 0.463867 0.664714 0.007812 0.009115
0 0.270996 0.666667 0.006836 0.013021
0 0.513672 0.662760 0.007812 0.007812
0 0.019531 0.659505 0.007812 0.011719
0 0.066406 0.652344 0.007812 0.007812
0 0.354980 0.651042 0.008789 0.013021
0 0.341797 0.647786 0.011719 0.016927
0 0.498535 0.640625 0.010742 0.015625
0 0.955566 0.636068 0.006836 0.009115
0 0.722656 0.637370 0.007812 0.011719
0 0.177246 0.636719 0.008789 0.010417
0 0.578613 0.639323 0.014648 0.023438
0 0.919434 0.635417 0.014648 0.018229
0 0.383789 0.646484 0.015625 0.040365
0 0.156738 0.638672 0.010742 0.024740
0 0.994629 0.630859 0.010742 0.014323
0 0.071289 0.626302 0.005859 0.013021
0 0.663574 0.615885 0.014648 0.013021
0 0.925293 0.608724 0.014648 0.016927
0 0.690918 0.601562 0.008789 0.007812
0 0.259277 0.611328 0.024414 0.029948
0 0.878906 0.602865 0.015625 0.015625
0 0.803223 0.613281 0.022461 0.036458
0 0.371582 0.613281 0.020508 0.036458
0 0.543457 0.600911 0.016602 0.014323
0 0.089355 0.602214 0.014648 0.016927
0 0.208496 0.597656 0.008789 0.015625
0 0.071777 0.589844 0.006836 0.010417
0 0.363281 0.583984 0.005859 0.009115
0 0.187500 0.583984 0.011719 0.014323
0 0.866699 0.580078 0.008789 0.016927
0 0.776855 0.588542 0.020508 0.036458
0 0.143555 0.578125 0.015625 0.018229
0 0.723145 0.573568 0.012695 0.011719
0 0.311523 0.591146 0.039062 0.052083
0 0.905762 0.569010 0.012695 0.018229
0 0.395508 0.574219 0.009766 0.033854
0 0.082031 0.561198 0.009766 0.013021
0 0.889648 0.565755 0.007812 0.024740
0 0.237793 0.561198 0.014648 0.020833
0 0.647461 0.553385 0.005859 0.015625
0 0.104492 0.550781 0.009766 0.013021
0 0.209473 0.546224 0.010742 0.014323
0 0.063965 0.544922 0.010742 0.011719
0 0.445801 0.545573 0.010742 0.015625
0 0.741699 0.539714 0.006836 0.009115
0 0.403320 0.541667 0.007812 0.013021
0 0.046875 0.545573 0.011719 0.023438
0 0.260254 0.538411 0.004883 0.014323
0 0.713379 0.534505 0.006836 0.009115
0 0.132324 0.542969 0.020508 0.026042
0 0.862793 0.530599 0.006836 0.009115
0 0.014648 0.529297 0.007812 0.009115
0 0.943848 0.528646 0.006836 0.013021
0 0.634766 0.526693 0.015625 0.011719
0 0.750488 0.520833 0.012695 0.018229
0 0.586426 0.509115 0.010742 0.015625
0 0.068848 0.513021 0.026367 0.028646
0 0.278320 0.506510 0.017578 0.018229
0 0.948730 0.504557 0.006836 0.016927
0 0.467773 0.497396 0.007812 0.010417
0 0.822266 0.493490 0.007812 0.013021
0 0.100586 0.486328 0.005859 0.009115
0 0.604492 0.483724 0.007812 0.011719
0 0.286621 0.483724 0.006836 0.011719
0 0.335938 0.479818 0.007812 0.009115
0 0.497559 0.474609 0.008789 0.009115
0 0.703613 0.470703 0.006836 0.009115
0 0.838379 0.467448 0.010742 0.010417
0 0.728516 0.460938 0.007812 0.010417
0 0.433594 0.464844 0.007812 0.018229
0 0.398438 0.464193 0.011719 0.016927
0 0.364746 0.462240 0.012695 0.015625
0 0.908203 0.455078 0.005859 0.016927
0 0.677246 0.451172 0.006836 0.011719
0 0.105469 0.448568 0.007812 0.009115
0 0.644531 0.447917 0.009766 0.018229
0 0.145508 0.450521 0.025391 0.031250
0 0.298828 0.438802 0.007812 0.013021
0 0.746094 0.434245 0.015625 0.016927
0 0.923340 0.430339 0.014648 0.016927
0 0.551270 0.436849 0.016602 0.032552
0 0.768066 0.420573 0.008789 0.013021
0 0.468262 0.420573 0.010742 0.018229
0 0.978516 0.417969 0.009766 0.018229
0 0.794922 0.409505 0.005859 0.011719
0 0.355469 0.427083 0.029297 0.052083
0 0.893066 0.404297 0.008789 0.009115
0 0.184570 0.401693 0.007812 0.009115
0 0.092773 0.406901 0.011719 0.019531
0 0.839355 0.399740 0.006836 0.010417
0 0.913574 0.397786 0.010742 0.011719
0 0.261719 0.397135 0.005859 0.010417
0 0.453613 0.396484 0.014648 0.014323
0 0.536133 0.393229 0.013672 0.015625
0 0.332520 0.384115 0.006836 0.010417
0 0.066406 0.393880 0.021484 0.035156
0 0.211426 0.380859 0.006836 0.011719
0 0.977539 0.384115 0.013672 0.023438
0 0.874512 0.379557 0.008789 0.014323
0 0.711914 0.378906 0.009766 0.013021
0 0.911133 0.376302 0.005859 0.010417
0 0.767090 0.374349 0.008789 0.014323
0 0.834961 0.373047 0.007812 0.014323
0 0.140625 0.360677 0.011719 0.015625
0 0.182129 0.361328 0.016602 0.022135
0 0.944336 0.363281 0.023438 0.028646
0 0.832031 0.353516 0.009766 0.009115
0 0.674316 0.354167 0.006836 0.010417
0 0.357422 0.356771 0.007812 0.015625
0 0.260742 0.355469 0.007812 0.013021
0 0.467285 0.350260 0.010742 0.013021
0 0.016602 0.345703 0.013672 0.014323
0 0.522461 0.343099 0.011719 0.016927
0 0.749512 0.339193 0.006836 0.011719
0 0.327637 0.339193 0.004883 0.011719
0 0.189941 0.338542 0.008789 0.010417
0 0.395996 0.343099 0.016602 0.022135
0 0.761719 0.333333 0.005859 0.010417
0 0.607422 0.333333 0.013672 0.015625
0 0.898926 0.326172 0.014648 0.016927
0 0.448242 0.324219 0.019531 0.020833
0 0.038086 0.318359 0.009766 0.011719
0 0.224609 0.347005 0.042969 0.071615
0 0.859863 0.317708 0.012695 0.015625
0 0.323730 0.313802 0.008789 0.015625
0 0.498047 0.310547 0.007812 0.011719
0 0.353516 0.311849 0.007812 0.014323
0 0.283691 0.309245 0.006836 0.014323
0 0.931152 0.307292 0.010742 0.013021
0 0.374023 0.324870 0.019531 0.050781
0 0.784668 0.309245 0.006836 0.022135
0 0.746094 0.309896 0.017578 0.026042
0 0.214844 0.299479 0.005859 0.010417
0 0.172363 0.300781 0.012695 0.013021
0 0.568359 0.292969 0.007812 0.007812
0 0.310547 0.287760 0.005859 0.010417
0 0.363770 0.285807 0.010742 0.014323
0 0.256836 0.281901 0.005859 0.009115
0 0.031738 0.283854 0.008789 0.018229
0 0.134277 0.275391 0.006836 0.009115
0 0.497070 0.272786 0.007812 0.009115
0 0.327637 0.276042 0.010742 0.018229
0 0.970703 0.268880 0.007812 0.009115
0 0.770996 0.268880 0.008789 0.014323
0 0.414551 0.286458 0.034180 0.052083
0 0.873535 0.272786 0.018555 0.027344
0 0.265137 0.262370 0.006836 0.009115
0 0.050781 0.269531 0.017578 0.023438
0 0.440430 0.259766 0.009766 0.014323
0 0.712402 0.257161 0.006836 0.011719
0 0.639648 0.255208 0.007812 0.007812
0 0.951660 0.253906 0.008789 0.007812
0 0.202148 0.252604 0.007812 0.007812
0 0.346191 0.250000 0.008789 0.010417
0 0.749023 0.246745 0.009766 0.009115
0 0.458984 0.248698 0.009766 0.013021
0 0.566406 0.252604 0.013672 0.026042
0 0.620117 0.241536 0.015625 0.016927
0 0.441895 0.234375 0.010742 0.010417
0 0.124512 0.239583 0.018555 0.020833
0 0.694824 0.233724 0.012695 0.016927
0 0.246582 0.231771 0.006836 0.015625
0 0.183594 0.226562 0.009766 0.013021
0 0.213867 0.231120 0.021484 0.024740
0 0.380371 0.219401 0.010742 0.011719
0 0.728516 0.217448 0.007812 0.015625
0 0.639648 0.213542 0.007812 0.015625
0 0.617676 0.211589 0.008789 0.016927
0 0.816406 0.211589 0.017578 0.024740
0 0.327148 0.204427 0.007812 0.010417
0 0.164551 0.203125 0.006836 0.007812
0 0.053223 0.203125 0.034180 0.018229
0 0.419922 0.197917 0.015625 0.015625
0 0.496094 0.189453 0.009766 0.011719
0 0.883789 0.201823 0.033203 0.044271
0 0.701172 0.187500 0.015625 0.015625
0 0.077148 0.184896 0.007812 0.010417
0 0.575195 0.198568 0.019531 0.040365
0 0.954102 0.189453 0.023438 0.024740
0 0.352051 0.186198 0.012695 0.018229
0 0.332031 0.179688 0.009766 0.010417
0 0.830078 0.175781 0.011719 0.015625
0 0.443359 0.173177 0.007812 0.010417
0 0.367676 0.175130 0.008789 0.014323
0 0.685547 0.162760 0.013672 0.010417
0 0.156738 0.157552 0.012695 0.007812
0 0.871094 0.154948 0.007812 0.007812
0 0.843750 0.147135 0.005859 0.010417
0 0.299805 0.143880 0.009766 0.011719
0 0.385742 0.143880 0.011719 0.014323
0 0.950195 0.141927 0.009766 0.018229
0 0.231934 0.133464 0.006836 0.009115
0 0.409668 0.134115 0.010742 0.015625
0 0.666992 0.130859 0.007812 0.011719
0 0.482910 0.130859 0.008789 0.011719
0 0.334961 0.130208 0.007812 0.010417
0 0.916016 0.131510 0.009766 0.020833
0 0.826660 0.130208 0.018555 0.020833
0 0.976562 0.123698 0.007812 0.013021
0 0.945312 0.117839 0.015625 0.014323
0 0.757812 0.122396 0.011719 0.026042
0 0.080078 0.115885 0.009766 0.013021
0 0.181152 0.115885 0.006836 0.015625
0 0.411621 0.110026 0.008789 0.009115
0 0.533691 0.107422 0.006836 0.014323
0 0.387695 0.108724 0.013672 0.016927
0 0.984375 0.106120 0.007812 0.014323
0 0.302246 0.106120 0.020508 0.024740
0 0.048340 0.096354 0.010742 0.010417
0 0.481934 0.094401 0.006836 0.009115
0 0.082520 0.093750 0.008789 0.013021
0 0.361328 0.090495 0.007812 0.009115
0 0.730469 0.091797 0.015625 0.019531
0 0.445801 0.095052 0.010742 0.026042
0 0.346191 0.086589 0.006836 0.014323
0 0.842285 0.088542 0.016602 0.020833
0 0.242188 0.093750 0.029297 0.036458
0 0.413574 0.076172 0.012695 0.009115
0 0.527344 0.067057 0.007812 0.009115
0 0.606445 0.079427 0.011719 0.036458
0 0.346680 0.065104 0.005859 0.010417
0 0.287109 0.064453 0.015625 0.014323
0 0.487793 0.067057 0.018555 0.022135
0 0.377441 0.064453 0.012695 0.022135
0 0.928711 0.054688 0.023438 0.028646
0 0.348633 0.046875 0.005859 0.013021
0 0.162598 0.043620 0.006836 0.009115
0 0.082520 0.052734 0.012695 0.027344
0 0.039551 0.044922 0.006836 0.011719
0 0.724121 0.041016 0.010742 0.011719
0 0.593750 0.039062 0.009766 0.010417
0 0.869141 0.037760 0.005859 0.010417
0 0.824219 0.035156 0.005859 0.010417
0 0.954590 0.033854 0.008789 0.013021
0 0.980957 0.044922 0.012695 0.040365
0 0.200684 0.033854 0.016602 0.020833
0 0.508301 0.031901 0.010742 0.019531
0 0.397949 0.024089 0.012695 0.014323
0 0.076660 0.019531 0.008789 0.007812
0 0.324219 0.019531 0.007812 0.013021
0 0.534668 0.017578 0.008789 0.011719
0 0.514648 0.013021 0.007812 0.010417
0 0.039062 0.017578 0.009766 0.022135
0 0.482910 0.013021 0.010742 0.015625
0 0.695312 0.007812 0.005859 0.015625
0 0.087891 0.004557 0.007812 0.009115
0 0.004395 0.008464 0.008789 0.016927
0 0.414062 0.875000 0.011719 0.015625
0 0.464355 0.869792 0.014648 0.015625