0 0.091797 0.665527 0.009115 0.006836
0 0.097656 0.874023 0.010417 0.005859
0 0.104167 0.346680 0.007812 0.007812
0 0.105469 0.482422 0.007812 0.007812
0 0.106771 0.552246 0.010417 0.008789
0 0.115234 0.830566 0.014323 0.010742
0 0.113281 0.906250 0.018229 0.005859
0 0.113932 0.918945 0.016927 0.007812
0 0.120443 0.702637 0.011719 0.006836
0 0.123047 0.773926 0.009115 0.006836
0 0.123047 0.124512 0.014323 0.010742
0 0.130208 0.062012 0.010417 0.006836
0 0.130859 0.815918 0.011719 0.006836
0 0.132161 0.298828 0.011719 0.009766
0 0.137370 0.756836 0.011719 0.007812
0 0.138672 0.077148 0.011719 0.013672
0 0.137370 0.199219 0.014323 0.007812
0 0.141927 0.598145 0.010417 0.012695
0 0.141927 0.500488 0.013021 0.016602
0 0.149089 0.049805 0.009115 0.007812
0 0.152995 0.742676 0.014323 0.006836
0 0.152344 0.981934 0.015625 0.008789
0 0.155599 0.881348 0.014323 0.010742
0 0.158203 0.969238 0.009115 0.006836
0 0.160156 0.104980 0.007812 0.012695
0 0.157552 0.336426 0.013021 0.006836
0 0.157552 0.663086 0.015625 0.007812
0 0.152995 0.699219 0.024740 0.015625
0 0.159505 0.250977 0.014323 0.009766
0 0.164714 0.235352 0.009115 0.005859
0 0.152344 0.784180 0.033854 0.013672
0 0.158854 0.281250 0.026042 0.017578
0 0.164062 0.375977 0.026042 0.019531
0 0.171224 0.542969 0.014323 0.009766
0 0.173177 0.571777 0.015625 0.008789
0 0.174479 0.094727 0.015625 0.005859
0 0.182943 0.163086 0.009115 0.009766
0 0.181641 0.003418 0.014323 0.006836
0 0.184245 0.107910 0.009115 0.010742
0 0.191406 0.820801 0.013021 0.010742
0 0.194010 0.963867 0.010417 0.007812
0 0.195312 0.319824 0.010417 0.006836
0 0.195964 0.079590 0.011719 0.008789
0 0.199219 0.910156 0.010417 0.007812
0 0.197917 0.746094 0.015625 0.011719
0 0.203125 0.048340 0.007812 0.008789
0 0.200521 0.659180 0.013021 0.007812
0 0.204427 0.356934 0.007812 0.006836
0 0.203776 0.525879 0.009115 0.006836
0 0.206380 0.142090 0.011719 0.008789
0 0.209635 0.844238 0.010417 0.006836
0 0.218099 0.279297 0.016927 0.007812
0 0.222005 0.767578 0.014323 0.005859
0 0.226562 0.299805 0.015625 0.013672
0 0.228516 0.134277 0.014323 0.008789
0 0.229167 0.220703 0.018229 0.017578
0 0.235026 0.892090 0.009115 0.008789
0 0.240234 0.602051 0.009115 0.008789
0 0.231120 0.428711 0.029948 0.015625
0 0.244792 0.531738 0.010417 0.006836
0 0.233073 0.728027 0.039062 0.059570
0 0.248698 0.841797 0.010417 0.007812
0 0.260417 0.875000 0.007812 0.009766
0 0.264974 0.597656 0.016927 0.009766
0 0.268229 0.995117 0.010417 0.009766
0 0.270833 0.245117 0.010417 0.007812
0 0.268880 0.652832 0.014323 0.006836
0 0.275391 0.307129 0.009115 0.008789
0 0.273438 0.535156 0.013021 0.019531
0 0.261719 0.963379 0.041667 0.024414
0 0.279948 0.157227 0.007812 0.007812
0 0.279297 0.471191 0.011719 0.018555
0 0.279297 0.197266 0.014323 0.011719
0 0.285156 0.266602 0.010417 0.013672
0 0.289062 0.628418 0.013021 0.012695
0 0.289714 0.775879 0.011719 0.008789
0 0.291016 0.688477 0.014323 0.009766
0 0.294922 0.348145 0.009115 0.006836
0 0.287109 0.122559 0.027344 0.012695
0 0.296875 0.953613 0.007812 0.014648
0 0.294271 0.883301 0.018229 0.020508
0 0.290365 0.007812 0.028646 0.015625
0 0.300130 0.215820 0.011719 0.011719
0 0.296875 0.092285 0.023438 0.006836
0 0.305339 0.253906 0.016927 0.015625
0 0.308594 0.056641 0.015625 0.005859
0 0.309896 0.518066 0.018229 0.012695
0 0.313802 0.204102 0.013021 0.011719
0 0.314453 0.845215 0.011719 0.012695
0 0.293620 0.421387 0.055990 0.038086
0 0.317708 0.537109 0.013021 0.007812
0 0.317708 0.596680 0.023438 0.023438
0 0.322917 0.021484 0.020833 0.019531
0 0.331380 0.184082 0.009115 0.008789
0 0.332682 0.343750 0.011719 0.013672
0 0.335286 0.137207 0.009115 0.006836
0 0.335286 0.536133 0.009115 0.007812
0 0.333333 0.729004 0.013021 0.006836
0 0.337240 0.486328 0.007812 0.007812
0 0.340495 0.980469 0.011719 0.007812
0 0.347656 0.933594 0.007812 0.007812
0 0.348958 0.645020 0.013021 0.008789
0 0.352214 0.658203 0.016927 0.011719
0 0.359375 0.501465 0.015625 0.010742
0 0.363932 0.044434 0.009115 0.006836
0 0.362630 0.277344 0.011719 0.007812
0 0.363281 0.822754 0.010417 0.008789
0 0.360677 0.421387 0.023438 0.014648
0 0.364583 0.080566 0.018229 0.014648
0 0.353516 0.616211 0.040365 0.015625
0 0.361328 0.843262 0.024740 0.010742
0 0.369141 0.005371 0.014323 0.010742
0 0.373698 0.928711 0.013021 0.005859
0 0.384115 0.336426 0.013021 0.014648
0 0.391276 0.074707 0.016927 0.014648
0 0.398438 0.309082 0.007812 0.008789
0 0.388672 0.740723 0.029948 0.024414
0 0.397135 0.121094 0.015625 0.015625
0 0.386719 0.196777 0.036458 0.022461
0 0.386719 0.628418 0.036458 0.020508
0 0.399089 0.456543 0.014323 0.016602
0 0.397786 0.910645 0.016927 0.014648
0 0.402344 0.791504 0.015625 0.008789
0 0.410156 0.928223 0.010417 0.006836
0 0.416016 0.636719 0.009115 0.005859
0 0.416016 0.812500 0.014323 0.011719
0 0.419922 0.133301 0.016927 0.008789
0 0.411458 0.223145 0.036458 0.020508
0 0.421875 0.856445 0.018229 0.015625
0 0.426432 0.276855 0.011719 0.012695
0 0.408854 0.688477 0.052083 0.039062
0 0.430990 0.094238 0.018229 0.012695
0 0.425781 0.604492 0.033854 0.009766
0 0.438802 0.917969 0.013021 0.009766
0 0.434245 0.110352 0.024740 0.007812
0 0.438802 0.762207 0.020833 0.014648
0 0.446615 0.352539 0.015625 0.005859
0 0.449219 0.895508 0.013021 0.009766
0 0.453776 0.790527 0.014323 0.010742
0 0.455078 0.936035 0.011719 0.010742
0 0.454427 0.554199 0.015625 0.010742
0 0.460286 0.258301 0.009115 0.006836
0 0.458333 0.596680 0.013021 0.007812
0 0.454427 0.953125 0.023438 0.011719
0 0.461589 0.739746 0.014323 0.004883
0 0.465495 0.286621 0.009115 0.006836
0 0.457031 0.867676 0.026042 0.020508
0 0.469401 0.137207 0.009115 0.006836
0 0.470703 0.985352 0.009115 0.007812
0 0.471354 0.056152 0.013021 0.006836
0 0.473307 0.365234 0.011719 0.015625
0 0.479167 0.249512 0.018229 0.012695
0 0.490885 0.413574 0.015625 0.010742
0 0.486979 0.931152 0.028646 0.026367
0 0.493490 0.721680 0.018229 0.017578
0 0.495443 0.051270 0.016927 0.006836
0 0.502604 0.532227 0.010417 0.007812
0 0.506510 0.177734 0.013021 0.007812
0 0.513672 0.899414 0.009115 0.005859
0 0.516276 0.395508 0.011719 0.007812
0 0.516276 0.713379 0.011719 0.006836
0 0.520182 0.664062 0.009115 0.007812
0 0.525391 0.502441 0.009115 0.008789
0 0.529297 0.296387 0.009115 0.006836
0 0.532552 0.161621 0.010417 0.010742
0 0.539062 0.271484 0.010417 0.007812
0 0.535156 0.566406 0.018229 0.007812
0 0.535807 0.601562 0.016927 0.011719
0 0.537760 0.635254 0.015625 0.012695
0 0.544922 0.091797 0.016927 0.005859
0 0.548828 0.322754 0.011719 0.006836
0 0.551432 0.894531 0.009115 0.007812
0 0.552083 0.355469 0.018229 0.009766
0 0.549479 0.854492 0.031250 0.025391
0 0.561198 0.701172 0.013021 0.007812
0 0.565755 0.253906 0.016927 0.015625
0 0.569661 0.076660 0.016927 0.014648
0 0.563151 0.448730 0.032552 0.016602
0 0.579427 0.231934 0.013021 0.008789
0 0.579427 0.531738 0.018229 0.010742
0 0.582031 0.021484 0.018229 0.009766
0 0.590495 0.205078 0.011719 0.005859
0 0.572917 0.644531 0.052083 0.029297
0 0.595703 0.106934 0.009115 0.008789
0 0.598307 0.815430 0.009115 0.007812
0 0.593099 0.907227 0.019531 0.011719
0 0.600260 0.160645 0.010417 0.006836
0 0.602214 0.086426 0.011719 0.010742
0 0.602865 0.738281 0.010417 0.005859
0 0.603516 0.546387 0.014323 0.014648
0 0.606771 0.463867 0.015625 0.013672
0 0.615885 0.667480 0.010417 0.006836
0 0.606120 0.933594 0.035156 0.021484
0 0.619141 0.788574 0.011719 0.006836
0 0.615885 0.022461 0.023438 0.013672
0 0.620443 0.125488 0.014323 0.008789
0 0.621094 0.288086 0.013021 0.009766
0 0.623698 0.088867 0.010417 0.005859
0 0.625651 0.232910 0.014323 0.008789
0 0.626953 0.165039 0.014323 0.007812
0 0.639323 0.859375 0.015625 0.011719
0 0.638672 0.817871 0.022135 0.016602
0 0.636719 0.055664 0.028646 0.023438
0 0.646484 0.167969 0.009115 0.009766
0 0.645833 0.325684 0.010417 0.006836
0 0.643229 0.642578 0.015625 0.007812
0 0.644531 0.739258 0.013021 0.007812
0 0.649740 0.532715 0.013021 0.010742
0 0.654297 0.983398 0.014323 0.013672
0 0.656901 0.477539 0.016927 0.011719
0 0.660807 0.250488 0.011719 0.006836
0 0.660807 0.672363 0.011719 0.004883
0 0.661458 0.810059 0.010417 0.008789
0 0.656901 0.604004 0.022135 0.016602
0 0.666667 0.238281 0.010417 0.005859
0 0.666667 0.392578 0.015625 0.013672
0 0.673828 0.101074 0.016927 0.014648
0 0.675781 0.551758 0.020833 0.019531
0 0.681641 0.961914 0.011719 0.009766
0 0.652995 0.775391 0.071615 0.042969
0 0.682292 0.140137 0.015625 0.012695
0 0.686198 0.676270 0.015625 0.008789
0 0.689453 0.501953 0.011719 0.007812
0 0.688151 0.646484 0.014323 0.007812
0 0.690755 0.716309 0.014323 0.006836
0 0.692708 0.068848 0.013021 0.010742
0 0.675130 0.625977 0.050781 0.019531
0 0.690755 0.215332 0.022135 0.006836
0 0.690104 0.253906 0.026042 0.017578
0 0.700521 0.785156 0.010417 0.005859
0 0.699219 0.827637 0.013021 0.012695
0 0.707031 0.431641 0.007812 0.007812
0 0.712240 0.689453 0.010417 0.005859
0 0.714193 0.636230 0.014323 0.010742
0 0.718099 0.743164 0.009115 0.005859
0 0.716146 0.968262 0.018229 0.008789
0 0.724609 0.865723 0.009115 0.006836
0 0.727214 0.502930 0.009115 0.007812
0 0.723958 0.672363 0.018229 0.010742
0 0.731120 0.029297 0.009115 0.007812
0 0.731120 0.229004 0.014323 0.008789
0 0.713542 0.585449 0.052083 0.034180
0 0.727214 0.126465 0.027344 0.018555
0 0.737630 0.734863 0.009115 0.006836
0 0.730469 0.949219 0.023438 0.017578
0 0.740234 0.559570 0.014323 0.009766
0 0.742839 0.287598 0.011719 0.006836
0 0.744792 0.360352 0.007812 0.007812
0 0.746094 0.048340 0.007812 0.008789
0 0.747396 0.797852 0.007812 0.007812
0 0.750000 0.653809 0.010417 0.008789
0 0.753255 0.250977 0.009115 0.009766
0 0.751302 0.541016 0.013021 0.009766
0 0.747396 0.433594 0.026042 0.013672
0 0.758464 0.379883 0.016927 0.015625
0 0.765625 0.558105 0.010417 0.010742
0 0.760417 0.875488 0.020833 0.018555
0 0.766276 0.305176 0.016927 0.012695
0 0.768229 0.753418 0.015625 0.006836
0 0.773438 0.816406 0.013021 0.009766
0 0.768880 0.786133 0.024740 0.021484
0 0.780599 0.619629 0.011719 0.010742
0 0.782552 0.271484 0.015625 0.007812
0 0.786458 0.360352 0.015625 0.007812
0 0.788411 0.382324 0.016927 0.008789
0 0.788411 0.183594 0.024740 0.017578
0 0.795573 0.672852 0.010417 0.007812
0 0.796875 0.835449 0.007812 0.006836
0 0.796875 0.946777 0.018229 0.034180
0 0.802083 0.580078 0.015625 0.015625
0 0.810547 0.503906 0.011719 0.009766
0 0.798177 0.116211 0.044271 0.033203
0 0.812500 0.298828 0.015625 0.015625
0 0.815104 0.922852 0.010417 0.007812
0 0.801432 0.424805 0.040365 0.019531
0 0.810547 0.045898 0.024740 0.023438
0 0.813802 0.647949 0.018229 0.012695
0 0.820312 0.667969 0.010417 0.009766
0 0.824219 0.169922 0.015625 0.011719
0 0.826823 0.556641 0.010417 0.007812
0 0.824870 0.632324 0.014323 0.008789
0 0.837240 0.314453 0.010417 0.013672
0 0.842448 0.843262 0.007812 0.012695
0 0.845052 0.128906 0.007812 0.007812
0 0.852865 0.156250 0.010417 0.005859
0 0.856120 0.700195 0.011719 0.009766
0 0.856120 0.614258 0.014323 0.011719
0 0.858073 0.049805 0.018229 0.009766
0 0.866536 0.768066 0.009115 0.006836
0 0.865885 0.590332 0.015625 0.010742
0 0.869141 0.333008 0.011719 0.007812
0 0.869141 0.517090 0.011719 0.008789
0 0.869792 0.665039 0.010417 0.007812
0 0.868490 0.083984 0.020833 0.009766
0 0.869792 0.173340 0.020833 0.018555
0 0.876302 0.023438 0.013021 0.007812
0 0.882161 0.054688 0.014323 0.015625
0 0.877604 0.242188 0.026042 0.011719
0 0.884115 0.919922 0.013021 0.009766
0 0.884115 0.818848 0.015625 0.006836
0 0.889974 0.588379 0.009115 0.008789
0 0.892578 0.466309 0.014323 0.006836
0 0.891276 0.612305 0.016927 0.013672
0 0.893880 0.015625 0.014323 0.007812
0 0.893880 0.697754 0.024740 0.020508
0 0.903646 0.951660 0.010417 0.010742
0 0.905599 0.518066 0.009115 0.006836
0 0.906250 0.917480 0.013021 0.008789
0 0.909505 0.638672 0.009115 0.007812
0 0.908203 0.269531 0.019531 0.015625
0 0.904948 0.554199 0.026042 0.010742
0 0.913411 0.653809 0.014323 0.006836
0 0.911458 0.157715 0.020833 0.016602
0 0.906250 0.757812 0.036458 0.029297
0 0.923828 0.586426 0.009115 0.012695
0 0.932943 0.472656 0.009115 0.007812
0 0.920573 0.393555 0.036458 0.011719
0 0.934896 0.653320 0.010417 0.005859
0 0.935547 0.712891 0.014323 0.015625
0 0.932943 0.512207 0.022135 0.018555
0 0.935547 0.622559 0.022135 0.012695
0 0.945312 0.071289 0.028646 0.023438
0 0.953125 0.651367 0.013021 0.005859
0 0.956380 0.837402 0.009115 0.006836
0 0.947266 0.917480 0.027344 0.012695
0 0.955078 0.960449 0.011719 0.006836
0 0.958984 0.275879 0.011719 0.010742
0 0.960938 0.406250 0.010417 0.009766
0 0.962240 0.130859 0.010417 0.005859
0 0.964844 0.175781 0.010417 0.005859
0 0.966146 0.045410 0.013021 0.008789
0 0.955078 0.019043 0.040365 0.012695
0 0.966146 0.799316 0.020833 0.016602
0 0.968099 0.491699 0.019531 0.010742
0 0.975911 0.602051 0.014323 0.012695
0 0.980469 0.923340 0.007812 0.008789
0 0.980469 0.675781 0.013021 0.007812
0 0.982422 0.465332 0.011719 0.008789
0 0.986979 0.485352 0.010417 0.007812
0 0.982422 0.960938 0.022135 0.009766
0 0.986979 0.517090 0.015625 0.010742
0 0.992188 0.304688 0.015625 0.005859
0 0.995443 0.912109 0.009115 0.007812
0 0.991536 0.995605 0.016927 0.008789
0 0.125000 0.585938 0.015625 0.011719
0 0.130208 0.535645 0.015625 0.014648