0 0.908203 0.665527 0.009115 0.006836
0 0.902344 0.874023 0.010417 0.005859
0 0.895833 0.346680 0.007812 0.007812
0 0.894531 0.482422 0.007812 0.007812
0 0.893229 0.552246 0.010417 0.008789
0 0.884766 0.830566 0.014323 0.010742
0 0.886719 0.906250 0.018229 0.005859
0 0.886068 0.918945 0.016927 0.007812
0 0.879557 0.702637 0.011719 0.006836
0 0.876953 0.773926 0.009115 0.006836
0 0.876953 0.124512 0.014323 0.010742
0 0.869792 0.062012 0.010417 0.006836
0 0.869141 0.815918 0.011719 0.006836
0 0.867839 0.298828 0.011719 0.009766
0 0.862630 0.756836 0.011719 0.007812
0 0.861328 0.077148 0.011719 0.013672
0 0.862630 0.199219 0.014323 0.007812
0 0.858073 0.598145 0.010417 0.012695
0 0.858073 0.500488 0.013021 0.016602
0 0.850911 0.049805 0.009115 0.007812
0 0.847005 0.742676 0.014323 0.006836
0 0.847656 0.981934 0.015625 0.008789
0 0.844401 0.881348 0.014323 0.010742
0 0.841797 0.969238 0.009115 0.006836
0 0.839844 0.104980 0.007812 0.012695
0 0.842448 0.336426 0.013021 0.006836
0 0.842448 0.663086 0.015625 0.007812
0 0.847005 0.699219 0.024740 0.015625
0 0.840495 0.250977 0.014323 0.009766
0 0.835286 0.235352 0.009115 0.005859
0 0.847656 0.784180 0.033854 0.013672
0 0.841146 0.281250 0.026042 0.017578
0 0.835938 0.375977 0.026042 0.019531
0 0.828776 0.542969 0.014323 0.009766
0 0.826823 0.571777 0.015625 0.008789
0 0.825521 0.094727 0.015625 0.005859
0 0.817057 0.163086 0.009115 0.009766
0 0.818359 0.003418 0.014323 0.006836
0 0.815755 0.107910 0.009115 0.010742
0 0.808594 0.820801 0.013021 0.010742
0 0.805990 0.963867 0.010417 0.007812
0 0.804688 0.319824 0.010417 0.006836
0 0.804036 0.079590 0.011719 0.008789
0 0.800781 0.910156 0.010417 0.007812
0 0.802083 0.746094 0.015625 0.011719
0 0.796875 0.048340 0.007812 0.008789
0 0.799479 0.659180 0.013021 0.007812
0 0.795573 0.356934 0.007812 0.006836
0 0.796224 0.525879 0.009115 0.006836
0 0.793620 0.142090 0.011719 0.008789
0 0.790365 0.844238 0.010417 0.006836
0 0.781901 0.279297 0.016927 0.007812
0 0.777995 0.767578 0.014323 0.005859
0 0.773438 0.299805 0.015625 0.013672
0 0.771484 0.134277 0.014323 0.008789
0 0.770833 0.220703 0.018229 0.017578
0 0.764974 0.892090 0.009115 0.008789
0 0.759766 0.602051 0.009115 0.008789
0 0.768880 0.428711 0.029948 0.015625
0 0.755208 0.531738 0.010417 0.006836
0 0.766927 0.728027 0.039062 0.059570
0 0.751302 0.841797 0.010417 0.007812
0 0.739583 0.875000 0.007812 0.009766
0 0.735026 0.597656 0.016927 0.009766
0 0.731771 0.995117 0.010417 0.009766
0 0.729167 0.245117 0.010417 0.007812
0 0.731120 0.652832 0.014323 0.006836
0 0.724609 0.307129 0.009115 0.008789
0 0.726562 0.535156 0.013021 0.019531
0 0.738281 0.963379 0.041667 0.024414
0 0.720052 0.157227 0.007812 0.007812
0 0.720703 0.471191 0.011719 0.018555
0 0.720703 0.197266 0.014323 0.011719
0 0.714844 0.266602 0.010417 0.013672
0 0.710938 0.628418 0.013021 0.012695
0 0.710286 0.775879 0.011719 0.008789
0 0.708984 0.688477 0.014323 0.009766
0 0.705078 0.348145 0.009115 0.006836
0 0.712891 0.122559 0.027344 0.012695
0 0.703125 0.953613 0.007812 0.014648
0 0.705729 0.883301 0.018229 0.020508
0 0.709635 0.007812 0.028646 0.015625
0 0.699870 0.215820 0.011719 0.011719
0 0.703125 0.092285 0.023438 0.006836
0 0.694661 0.253906 0.016927 0.015625
0 0.691406 0.056641 0.015625 0.005859
0 0.690104 0.518066 0.018229 0.012695
0 0.686198 0.204102 0.013021 0.011719
0 0.685547 0.845215 0.011719 0.012695
0 0.706380 0.421387 0.055990 0.038086
0 0.682292 0.537109 0.013021 0.007812
0 0.682292 0.596680 0.023438 0.023438
0 0.677083 0.021484 0.020833 0.019531
0 0.668620 0.184082 0.009115 0.008789
0 0.667318 0.343750 0.011719 0.013672
0 0.664714 0.137207 0.009115 0.006836
0 0.664714 0.536133 0.009115 0.007812
0 0.666667 0.729004 0.013021 0.006836
0 0.662760 0.486328 0.007812 0.007812
0 0.659505 0.980469 0.011719 0.007812
0 0.652344 0.933594 0.007812 0.007812
0 0.651042 0.645020 0.013021 0.008789
0 0.647786 0.658203 0.016927 0.011719
0 0.640625 0.501465 0.015625 0.010742
0 0.636068 0.044434 0.009115 0.006836
0 0.637370 0.277344 0.011719 0.007812
0 0.636719 0.822754 0.010417 0.008789
0 0.639323 0.421387 0.023438 0.014648
0 0.635417 0.080566 0.018229 0.014648
0 0.646484 0.616211 0.040365 0.015625
0 0.638672 0.843262 0.024740 0.010742
0 0.630859 0.005371 0.014323 0.010742
0 0.626302 0.928711 0.013021 0.005859
0 0.615885 0.336426 0.013021 0.014648
0 0.608724 0.074707 0.016927 0.014648
0 0.601562 0.309082 0.007812 0.008789
0 0.611328 0.740723 0.029948 0.024414
0 0.602865 0.121094 0.015625 0.015625
0 0.613281 0.196777 0.036458 0.022461
0 0.613281 0.628418 0.036458 0.020508
0 0.600911 0.456543 0.014323 0.016602
0 0.602214 0.910645 0.016927 0.014648
0 0.597656 0.791504 0.015625 0.008789
0 0.589844 0.928223 0.010417 0.006836
0 0.583984 0.636719 0.009115 0.005859
0 0.583984 0.812500 0.014323 0.011719
0 0.580078 0.133301 0.016927 0.008789
0 0.588542 0.223145 0.036458 0.020508
0 0.578125 0.856445 0.018229 0.015625
0 0.573568 0.276855 0.011719 0.012695
0 0.591146 0.688477 0.052083 0.039062
0 0.569010 0.094238 0.018229 0.012695
0 0.574219 0.604492 0.033854 0.009766
0 0.561198 0.917969 0.013021 0.009766
0 0.565755 0.110352 0.024740 0.007812
0 0.561198 0.762207 0.020833 0.014648
0 0.553385 0.352539 0.015625 0.005859
0 0.550781 0.895508 0.013021 0.009766
0 0.546224 0.790527 0.014323 0.010742
0 0.544922 0.936035 0.011719 0.010742
0 0.545573 0.554199 0.015625 0.010742
0 0.539714 0.258301 0.009115 0.006836
0 0.541667 0.596680 0.013021 0.007812
0 0.545573 0.953125 0.023438 0.011719
0 0.538411 0.739746 0.014323 0.004883
0 0.534505 0.286621 0.009115 0.006836
0 0.542969 0.867676 0.026042 0.020508
0 0.530599 0.137207 0.009115 0.006836
0 0.529297 0.985352 0.009115 0.007812
0 0.528646 0.056152 0.013021 0.006836
0 0.526693 0.365234 0.011719 0.015625
0 0.520833 0.249512 0.018229 0.012695
0 0.509115 0.413574 0.015625 0.010742
0 0.513021 0.931152 0.028646 0.026367
0 0.506510 0.721680 0.018229 0.017578
0 0.504557 0.051270 0.016927 0.006836
0 0.497396 0.532227 0.010417 0.007812
0 0.493490 0.177734 0.013021 0.007812
0 0.486328 0.899414 0.009115 0.005859
0 0.483724 0.395508 0.011719 0.007812
0 0.483724 0.713379 0.011719 0.006836
0 0.479818 0.664062 0.009115 0.007812
0 0.474609 0.502441 0.009115 0.008789
0 0.470703 0.296387 0.009115 0.006836
0 0.467448 0.161621 0.010417 0.010742
0 0.460938 0.271484 0.010417 0.007812
0 0.464844 0.566406 0.018229 0.007812
0 0.464193 0.601562 0.016927 0.011719
0 0.462240 0.635254 0.015625 0.012695
0 0.455078 0.091797 0.016927 0.005859
0 0.451172 0.322754 0.011719 0.006836
0 0.448568 0.894531 0.009115 0.007812
0 0.447917 0.355469 0.018229 0.009766
0 0.450521 0.854492 0.031250 0.025391
0 0.438802 0.701172 0.013021 0.007812
0 0.434245 0.253906 0.016927 0.015625
0 0.430339 0.076660 0.016927 0.014648
0 0.436849 0.448730 0.032552 0.016602
0 0.420573 0.231934 0.013021 0.008789
0 0.420573 0.531738 0.018229 0.010742
0 0.417969 0.021484 0.018229 0.009766
0 0.409505 0.205078 0.011719 0.005859
0 0.427083 0.644531 0.052083 0.029297
0 0.404297 0.106934 0.009115 0.008789
0 0.401693 0.815430 0.009115 0.007812
0 0.406901 0.907227 0.019531 0.011719
0 0.399740 0.160645 0.010417 0.006836
0 0.397786 0.086426 0.011719 0.010742
0 0.397135 0.738281 0.010417 0.005859
0 0.396484 0.546387 0.014323 0.014648
0 0.393229 0.463867 0.015625 0.013672
0 0.384115 0.667480 0.010417 0.006836
0 0.393880 0.933594 0.035156 0.021484
0 0.380859 0.788574 0.011719 0.006836
0 0.384115 0.022461 0.023438 0.013672
0 0.379557 0.125488 0.014323 0.008789
0 0.378906 0.288086 0.013021 0.009766
0 0.376302 0.088867 0.010417 0.005859
0 0.374349 0.232910 0.014323 0.008789
0 0.373047 0.165039 0.014323 0.007812
0 0.360677 0.859375 0.015625 0.011719
0 0.361328 0.817871 0.022135 0.016602
0 0.363281 0.055664 0.028646 0.023438
0 0.353516 0.167969 0.009115 0.009766
0 0.354167 0.325684 0.010417 0.006836
0 0.356771 0.642578 0.015625 0.007812
0 0.355469 0.739258 0.013021 0.007812
0 0.350260 0.532715 0.013021 0.010742
0 0.345703 0.983398 0.014323 0.013672
0 0.343099 0.477539 0.016927 0.011719
0 0.339193 0.250488 0.011719 0.006836
0 0.339193 0.672363 0.011719 0.004883
0 0.338542 0.810059 0.010417 0.008789
0 0.343099 0.604004 0.022135 0.016602
0 0.333333 0.238281 0.010417 0.005859
0 0.333333 0.392578 0.015625 0.013672
0 0.326172 0.101074 0.016927 0.014648
0 0.324219 0.551758 0.020833 0.019531
0 0.318359 0.961914 0.011719 0.009766
0 0.347005 0.775391 0.071615 0.042969
0 0.317708 0.140137 0.015625 0.012695
0 0.313802 0.676270 0.015625 0.008789
0 0.310547 0.501953 0.011719 0.007812
0 0.311849 0.646484 0.014323 0.007812
0 0.309245 0.716309 0.014323 0.006836
0 0.307292 0.068848 0.013021 0.010742
0 0.324870 0.625977 0.050781 0.019531
0 0.309245 0.215332 0.022135 0.006836
0 0.309896 0.253906 0.026042 0.017578
0 0.299479 0.785156 0.010417 0.005859
0 0.300781 0.827637 0.013021 0.012695
0 0.292969 0.431641 0.007812 0.007812
0 0.287760 0.689453 0.010417 0.005859
0 0.285807 0.636230 0.014323 0.010742
0 0.281901 0.743164 0.009115 0.005859
0 0.283854 0.968262 0.018229 0.008789
0 0.275391 0.865723 0.009115 0.006836
0 0.272786 0.502930 0.009115 0.007812
0 0.276042 0.672363 0.018229 0.010742
0 0.268880 0.029297 0.009115 0.007812
0 0.268880 0.229004 0.014323 0.008789
0 0.286458 0.585449 0.052083 0.034180
0 0.272786 0.126465 0.027344 0.018555
0 0.262370 0.734863 0.009115 0.006836
0 0.269531 0.949219 0.023438 0.017578
0 0.259766 0.559570 0.014323 0.009766
0 0.257161 0.287598 0.011719 0.006836
0 0.255208 0.360352 0.007812 0.007812
0 0.253906 0.048340 0.007812 0.008789
0 0.252604 0.797852 0.007812 0.007812
0 0.250000 0.653809 0.010417 0.008789
0 0.246745 0.250977 0.009115 0.009766
0 0.248698 0.541016 0.013021 0.009766
0 0.252604 0.433594 0.026042 0.013672
0 0.241536 0.379883 0.016927 0.015625
0 0.234375 0.558105 0.010417 0.010742
0 0.239583 0.875488 0.020833 0.018555
0 0.233724 0.305176 0.016927 0.012695
0 0.231771 0.753418 0.015625 0.006836
0 0.226562 0.816406 0.013021 0.009766
0 0.231120 0.786133 0.024740 0.021484
0 0.219401 0.619629 0.011719 0.010742
0 0.217448 0.271484 0.015625 0.007812
0 0.213542 0.360352 0.015625 0.007812
0 0.211589 0.382324 0.016927 0.008789
0 0.211589 0.183594 0.024740 0.017578
0 0.204427 0.672852 0.010417 0.007812
0 0.203125 0.835449 0.007812 0.006836
0 0.203125 0.946777 0.018229 0.034180
0 0.197917 0.580078 0.015625 0.015625
0 0.189453 0.503906 0.011719 0.009766
0 0.201823 0.116211 0.044271 0.033203
0 0.187500 0.298828 0.015625 0.015625
0 0.184896 0.922852 0.010417 0.007812
0 0.198568 0.424805 0.040365 0.019531
0 0.189453 0.045898 0.024740 0.023438
0 0.186198 0.647949 0.018229 0.012695
0 0.179688 0.667969 0.010417 0.009766
0 0.175781 0.169922 0.015625 0.011719
0 0.173177 0.556641 0.010417 0.007812
0 0.175130 0.632324 0.014323 0.008789
0 0.162760 0.314453 0.010417 0.013672
0 0.157552 0.843262 0.007812 0.012695
0 0.154948 0.128906 0.007812 0.007812
0 0.147135 0.156250 0.010417 0.005859
0 0.143880 0.700195 0.011719 0.009766
0 0.143880 0.614258 0.014323 0.011719
0 0.141927 0.049805 0.018229 0.009766
0 0.133464 0.768066 0.009115 0.006836
0 0.134115 0.590332 0.015625 0.010742
0 0.130859 0.333008 0.011719 0.007812
0 0.130859 0.517090 0.011719 0.008789
0 0.130208 0.665039 0.010417 0.007812
0 0.131510 0.083984 0.020833 0.009766
0 0.130208 0.173340 0.020833 0.018555
0 0.123698 0.023438 0.013021 0.007812
0 0.117839 0.054688 0.014323 0.015625
0 0.122396 0.242188 0.026042 0.011719
0 0.115885 0.919922 0.013021 0.009766
0 0.115885 0.818848 0.015625 0.006836
0 0.110026 0.588379 0.009115 0.008789
0 0.107422 0.466309 0.014323 0.006836
0 0.108724 0.612305 0.016927 0.013672
0 0.106120 0.015625 0.014323 0.007812
0 0.106120 0.697754 0.024740 0.020508
0 0.096354 0.951660 0.010417 0.010742
0 0.094401 0.518066 0.009115 0.006836
0 0.093750 0.917480 0.013021 0.008789
0 0.090495 0.638672 0.009115 0.007812
0 0.091797 0.269531 0.019531 0.015625
0 0.095052 0.554199 0.026042 0.010742
0 0.086589 0.653809 0.014323 0.006836
0 0.088542 0.157715 0.020833 0.016602
0 0.093750 0.757812 0.036458 0.029297
0 0.076172 0.586426 0.009115 0.012695
0 0.067057 0.472656 0.009115 0.007812
0 0.079427 0.393555 0.036458 0.011719
0 0.065104 0.653320 0.010417 0.005859
0 0.064453 0.712891 0.014323 0.015625
0 0.067057 0.512207 0.022135 0.018555
0 0.064453 0.622559 0.022135 0.012695
0 0.054688 0.071289 0.028646 0.023438
0 0.046875 0.651367 0.013021 0.005859
0 0.043620 0.837402 0.009115 0.006836
0 0.052734 0.917480 0.027344 0.012695
0 0.044922 0.960449 0.011719 0.006836
0 0.041016 0.275879 0.011719 0.010742
0 0.039062 0.406250 0.010417 0.009766
0 0.037760 0.130859 0.010417 0.005859
0 0.035156 0.175781 0.010417 0.005859
0 0.033854 0.045410 0.013021 0.008789
0 0.044922 0.019043 0.040365 0.012695
0 0.033854 0.799316 0.020833 0.016602
0 0.031901 0.491699 0.019531 0.010742
0 0.024089 0.602051 0.014323 0.012695
0 0.019531 0.923340 0.007812 0.008789
0 0.019531 0.675781 0.013021 0.007812
0 0.017578 0.465332 0.011719 0.008789
0 0.013021 0.485352 0.010417 0.007812
0 0.017578 0.960938 0.022135 0.009766
0 0.013021 0.517090 0.015625 0.010742
0 0.007812 0.304688 0.015625 0.005859
0 0.004557 0.912109 0.009115 0.007812
0 0.008464 0.995605 0.016927 0.008789
0 0.875000 0.585938 0.015625 0.011719
0 0.869792 0.535645 0.015625 0.014648