0 0.091797 0.334473 0.009115 0.006836
0 0.097656 0.125977 0.010417 0.005859
0 0.104167 0.653320 0.007812 0.007812
0 0.105469 0.517578 0.007812 0.007812
0 0.106771 0.447754 0.010417 0.008789
0 0.115234 0.169434 0.014323 0.010742
0 0.113281 0.093750 0.018229 0.005859
0 0.113932 0.081055 0.016927 0.007812
0 0.120443 0.297363 0.011719 0.006836
0 0.123047 0.226074 0.009115 0.006836
0 0.123047 0.875488 0.014323 0.010742
0 0.130208 0.937988 0.010417 0.006836
0 0.130859 0.184082 0.011719 0.006836
0 0.132161 0.701172 0.011719 0.009766
0 0.137370 0.243164 0.011719 0.007812
0 0.138672 0.922852 0.011719 0.013672
0 0.137370 0.800781 0.014323 0.007812
0 0.141927 0.401855 0.010417 0.012695
0 0.141927 0.499512 0.013021 0.016602
0 0.149089 0.950195 0.009115 0.007812
0 0.152995 0.257324 0.014323 0.006836
0 0.152344 0.018066 0.015625 0.008789
0 0.155599 0.118652 0.014323 0.010742
0 0.158203 0.030762 0.009115 0.006836
0 0.160156 0.895020 0.007812 0.012695
0 0.157552 0.663574 0.013021 0.006836
0 0.157552 0.336914 0.015625 0.007812
0 0.152995 0.300781 0.024740 0.015625
0 0.159505 0.749023 0.014323 0.009766
0 0.164714 0.764648 0.009115 0.005859
0 0.152344 0.215820 0.033854 0.013672
0 0.158854 0.718750 0.026042 0.017578
0 0.164062 0.624023 0.026042 0.019531
0 0.171224 0.457031 0.014323 0.009766
0 0.173177 0.428223 0.015625 0.008789
0 0.174479 0.905273 0.015625 0.005859
0 0.182943 0.836914 0.009115 0.009766
0 0.181641 0.996582 0.014323 0.006836
0 0.184245 0.892090 0.009115 0.010742
0 0.191406 0.179199 0.013021 0.010742
0 0.194010 0.036133 0.010417 0.007812
0 0.195312 0.680176 0.010417 0.006836
0 0.195964 0.920410 0.011719 0.008789
0 0.199219 0.089844 0.010417 0.007812
0 0.197917 0.253906 0.015625 0.011719
0 0.203125 0.951660 0.007812 0.008789
0 0.200521 0.340820 0.013021 0.007812
0 0.204427 0.643066 0.007812 0.006836
0 0.203776 0.474121 0.009115 0.006836
0 0.206380 0.857910 0.011719 0.008789
0 0.209635 0.155762 0.010417 0.006836
0 0.218099 0.720703 0.016927 0.007812
0 0.222005 0.232422 0.014323 0.005859
0 0.226562 0.700195 0.015625 0.013672
0 0.228516 0.865723 0.014323 0.008789
0 0.229167 0.779297 0.018229 0.017578
0 0.235026 0.107910 0.009115 0.008789
0 0.240234 0.397949 0.009115 0.008789
0 0.231120 0.571289 0.029948 0.015625
0 0.244792 0.468262 0.010417 0.006836
0 0.233073 0.271973 0.039062 0.059570
0 0.248698 0.158203 0.010417 0.007812
0 0.260417 0.125000 0.007812 0.009766
0 0.264974 0.402344 0.016927 0.009766
0 0.268229 0.004883 0.010417 0.009766
0 0.270833 0.754883 0.010417 0.007812
0 0.268880 0.347168 0.014323 0.006836
0 0.275391 0.692871 0.009115 0.008789
0 0.273438 0.464844 0.013021 0.019531
0 0.261719 0.036621 0.041667 0.024414
0 0.279948 0.842773 0.007812 0.007812
0 0.279297 0.528809 0.011719 0.018555
0 0.279297 0.802734 0.014323 0.011719
0 0.285156 0.733398 0.010417 0.013672
0 0.289062 0.371582 0.013021 0.012695
0 0.289714 0.224121 0.011719 0.008789
0 0.291016 0.311523 0.014323 0.009766
0 0.294922 0.651855 0.009115 0.006836
0 0.287109 0.877441 0.027344 0.012695
0 0.296875 0.046387 0.007812 0.014648
0 0.294271 0.116699 0.018229 0.020508
0 0.290365 0.992188 0.028646 0.015625
0 0.300130 0.784180 0.011719 0.011719
0 0.296875 0.907715 0.023438 0.006836
0 0.305339 0.746094 0.016927 0.015625
0 0.308594 0.943359 0.015625 0.005859
0 0.309896 0.481934 0.018229 0.012695
0 0.313802 0.795898 0.013021 0.011719
0 0.314453 0.154785 0.011719 0.012695
0 0.293620 0.578613 0.055990 0.038086
0 0.317708 0.462891 0.013021 0.007812
0 0.317708 0.403320 0.023438 0.023438
0 0.322917 0.978516 0.020833 0.019531
0 0.331380 0.815918 0.009115 0.008789
0 0.332682 0.656250 0.011719 0.013672
0 0.335286 0.862793 0.009115 0.006836
0 0.335286 0.463867 0.009115 0.007812
0 0.333333 0.270996 0.013021 0.006836
0 0.337240 0.513672 0.007812 0.007812
0 0.340495 0.019531 0.011719 0.007812
0 0.347656 0.066406 0.007812 0.007812
0 0.348958 0.354980 0.013021 0.008789
0 0.352214 0.341797 0.016927 0.011719
0 0.359375 0.498535 0.015625 0.010742
0 0.363932 0.955566 0.009115 0.006836
0 0.362630 0.722656 0.011719 0.007812
0 0.363281 0.177246 0.010417 0.008789
0 0.360677 0.578613 0.023438 0.014648
0 0.364583 0.919434 0.018229 0.014648
0 0.353516 0.383789 0.040365 0.015625
0 0.361328 0.156738 0.024740 0.010742
0 0.369141 0.994629 0.014323 0.010742
0 0.373698 0.071289 0.013021 0.005859
0 0.384115 0.663574 0.013021 0.014648
0 0.391276 0.925293 0.016927 0.014648
0 0.398438 0.690918 0.007812 0.008789
0 0.388672 0.259277 0.029948 0.024414
0 0.397135 0.878906 0.015625 0.015625
0 0.386719 0.803223 0.036458 0.022461
0 0.386719 0.371582 0.036458 0.020508
0 0.399089 0.543457 0.014323 0.016602
0 0.397786 0.089355 0.016927 0.014648
0 0.402344 0.208496 0.015625 0.008789
0 0.410156 0.071777 0.010417 0.006836
0 0.416016 0.363281 0.009115 0.005859
0 0.416016 0.187500 0.014323 0.011719
0 0.419922 0.866699 0.016927 0.008789
0 0.411458 0.776855 0.036458 0.020508
0 0.421875 0.143555 0.018229 0.015625
0 0.426432 0.723145 0.011719 0.012695
0 0.408854 0.311523 0.052083 0.039062
0 0.430990 0.905762 0.018229 0.012695
0 0.425781 0.395508 0.033854 0.009766
0 0.438802 0.082031 0.013021 0.009766
0 0.434245 0.889648 0.024740 0.007812
0 0.438802 0.237793 0.020833 0.014648
0 0.446615 0.647461 0.015625 0.005859
0 0.449219 0.104492 0.013021 0.009766
0 0.453776 0.209473 0.014323 0.010742
0 0.455078 0.063965 0.011719 0.010742
0 0.454427 0.445801 0.015625 0.010742
0 0.460286 0.741699 0.009115 0.006836
0 0.458333 0.403320 0.013021 0.007812
0 0.454427 0.046875 0.023438 0.011719
0 0.461589 0.260254 0.014323 0.004883
0 0.465495 0.713379 0.009115 0.006836
0 0.457031 0.132324 0.026042 0.020508
0 0.469401 0.862793 0.009115 0.006836
0 0.470703 0.014648 0.009115 0.007812
0 0.471354 0.943848 0.013021 0.006836
0 0.473307 0.634766 0.011719 0.015625
0 0.479167 0.750488 0.018229 0.012695
0 0.490885 0.586426 0.015625 0.010742
0 0.486979 0.068848 0.028646 0.026367
0 0.493490 0.278320 0.018229 0.017578
0 0.495443 0.948730 0.016927 0.006836
0 0.502604 0.467773 0.010417 0.007812
0 0.506510 0.822266 0.013021 0.007812
0 0.513672 0.100586 0.009115 0.005859
0 0.516276 0.604492 0.011719 0.007812
0 0.516276 0.286621 0.011719 0.006836
0 0.520182 0.335938 0.009115 0.007812
0 0.525391 0.497559 0.009115 0.008789
0 0.529297 0.703613 0.009115 0.006836
0 0.532552 0.838379 0.010417 0.010742
0 0.539062 0.728516 0.010417 0.007812
0 0.535156 0.433594 0.018229 0.007812
0 0.535807 0.398438 0.016927 0.011719
0 0.537760 0.364746 0.015625 0.012695
0 0.544922 0.908203 0.016927 0.005859
0 0.548828 0.677246 0.011719 0.006836
0 0.551432 0.105469 0.009115 0.007812
0 0.552083 0.644531 0.018229 0.009766
0 0.549479 0.145508 0.031250 0.025391
0 0.561198 0.298828 0.013021 0.007812
0 0.565755 0.746094 0.016927 0.015625
0 0.569661 0.923340 0.016927 0.014648
0 0.563151 0.551270 0.032552 0.016602
0 0.579427 0.768066 0.013021 0.008789
0 0.579427 0.468262 0.018229 0.010742
0 0.582031 0.978516 0.018229 0.009766
0 0.590495 0.794922 0.011719 0.005859
0 0.572917 0.355469 0.052083 0.029297
0 0.595703 0.893066 0.009115 0.008789
0 0.598307 0.184570 0.009115 0.007812
0 0.593099 0.092773 0.019531 0.011719
0 0.600260 0.839355 0.010417 0.006836
0 0.602214 0.913574 0.011719 0.010742
0 0.602865 0.261719 0.010417 0.005859
0 0.603516 0.453613 0.014323 0.014648
0 0.606771 0.536133 0.015625 0.013672
0 0.615885 0.332520 0.010417 0.006836
0 0.606120 0.066406 0.035156 0.021484
0 0.619141 0.211426 0.011719 0.006836
0 0.615885 0.977539 0.023438 0.013672
0 0.620443 0.874512 0.014323 0.008789
0 0.621094 0.711914 0.013021 0.009766
0 0.623698 0.911133 0.010417 0.005859
0 0.625651 0.767090 0.014323 0.008789
0 0.626953 0.834961 0.014323 0.007812
0 0.639323 0.140625 0.015625 0.011719
0 0.638672 0.182129 0.022135 0.016602
0 0.636719 0.944336 0.028646 0.023438
0 0.646484 0.832031 0.009115 0.009766
0 0.645833 0.674316 0.010417 0.006836
0 0.643229 0.357422 0.015625 0.007812
0 0.644531 0.260742 0.013021 0.007812
0 0.649740 0.467285 0.013021 0.010742
0 0.654297 0.016602 0.014323 0.013672
0 0.656901 0.522461 0.016927 0.011719
0 0.660807 0.749512 0.011719 0.006836
0 0.660807 0.327637 0.011719 0.004883
0 0.661458 0.189941 0.010417 0.008789
0 0.656901 0.395996 0.022135 0.016602
0 0.666667 0.761719 0.010417 0.005859
0 0.666667 0.607422 0.015625 0.013672
0 0.673828 0.898926 0.016927 0.014648
0 0.675781 0.448242 0.020833 0.019531
0 0.681641 0.038086 0.011719 0.009766
0 0.652995 0.224609 0.071615 0.042969
0 0.682292 0.859863 0.015625 0.012695
0 0.686198 0.323730 0.015625 0.008789
0 0.689453 0.498047 0.011719 0.007812
0 0.688151 0.353516 0.014323 0.007812
0 0.690755 0.283691 0.014323 0.006836
0 0.692708 0.931152 0.013021 0.010742
0 0.675130 0.374023 0.050781 0.019531
0 0.690755 0.784668 0.022135 0.006836
0 0.690104 0.746094 0.026042 0.017578
0 0.700521 0.214844 0.010417 0.005859
0 0.699219 0.172363 0.013021 0.012695
0 0.707031 0.568359 0.007812 0.007812
0 0.712240 0.310547 0.010417 0.005859
0 0.714193 0.363770 0.014323 0.010742
0 0.718099 0.256836 0.009115 0.005859
0 0.716146 0.031738 0.018229 0.008789
0 0.724609 0.134277 0.009115 0.006836
0 0.727214 0.497070 0.009115 0.007812
0 0.723958 0.327637 0.018229 0.010742
0 0.731120 0.970703 0.009115 0.007812
0 0.731120 0.770996 0.014323 0.008789
0 0.713542 0.414551 0.052083 0.034180
0 0.727214 0.873535 0.027344 0.018555
0 0.737630 0.265137 0.009115 0.006836
0 0.730469 0.050781 0.023438 0.017578
0 0.740234 0.440430 0.014323 0.009766
0 0.742839 0.712402 0.011719 0.006836
0 0.744792 0.639648 0.007812 0.007812
0 0.746094 0.951660 0.007812 0.008789
0 0.747396 0.202148 0.007812 0.007812
0 0.750000 0.346191 0.010417 0.008789
0 0.753255 0.749023 0.009115 0.009766
0 0.751302 0.458984 0.013021 0.009766
0 0.747396 0.566406 0.026042 0.013672
0 0.758464 0.620117 0.016927 0.015625
0 0.765625 0.441895 0.010417 0.010742
0 0.760417 0.124512 0.020833 0.018555
0 0.766276 0.694824 0.016927 0.012695
0 0.768229 0.246582 0.015625 0.006836
0 0.773438 0.183594 0.013021 0.009766
0 0.768880 0.213867 0.024740 0.021484
0 0.780599 0.380371 0.011719 0.010742
0 0.782552 0.728516 0.015625 0.007812
0 0.786458 0.639648 0.015625 0.007812
0 0.788411 0.617676 0.016927 0.008789
0 0.788411 0.816406 0.024740 0.017578
0 0.795573 0.327148 0.010417 0.007812
0 0.796875 0.164551 0.007812 0.006836
0 0.796875 0.053223 0.018229 0.034180
0 0.802083 0.419922 0.015625 0.015625
0 0.810547 0.496094 0.011719 0.009766
0 0.798177 0.883789 0.044271 0.033203
0 0.812500 0.701172 0.015625 0.015625
0 0.815104 0.077148 0.010417 0.007812
0 0.801432 0.575195 0.040365 0.019531
0 0.810547 0.954102 0.024740 0.023438
0 0.813802 0.352051 0.018229 0.012695
0 0.820312 0.332031 0.010417 0.009766
0 0.824219 0.830078 0.015625 0.011719
0 0.826823 0.443359 0.010417 0.007812
0 0.824870 0.367676 0.014323 0.008789
0 0.837240 0.685547 0.010417 0.013672
0 0.842448 0.156738 0.007812 0.012695
0 0.845052 0.871094 0.007812 0.007812
0 0.852865 0.843750 0.010417 0.005859
0 0.856120 0.299805 0.011719 0.009766
0 0.856120 0.385742 0.014323 0.011719
0 0.858073 0.950195 0.018229 0.009766
0 0.866536 0.231934 0.009115 0.006836
0 0.865885 0.409668 0.015625 0.010742
0 0.869141 0.666992 0.011719 0.007812
0 0.869141 0.482910 0.011719 0.008789
0 0.869792 0.334961 0.010417 0.007812
0 0.868490 0.916016 0.020833 0.009766
0 0.869792 0.826660 0.020833 0.018555
0 0.876302 0.976562 0.013021 0.007812
0 0.882161 0.945312 0.014323 0.015625
0 0.877604 0.757812 0.026042 0.011719
0 0.884115 0.080078 0.013021 0.009766
0 0.884115 0.181152 0.015625 0.006836
0 0.889974 0.411621 0.009115 0.008789
0 0.892578 0.533691 0.014323 0.006836
0 0.891276 0.387695 0.016927 0.013672
0 0.893880 0.984375 0.014323 0.007812
0 0.893880 0.302246 0.024740 0.020508
0 0.903646 0.048340 0.010417 0.010742
0 0.905599 0.481934 0.009115 0.006836
0 0.906250 0.082520 0.013021 0.008789
0 0.909505 0.361328 0.009115 0.007812
0 0.908203 0.730469 0.019531 0.015625
0 0.904948 0.445801 0.026042 0.010742
0 0.913411 0.346191 0.014323 0.006836
0 0.911458 0.842285 0.020833 0.016602
0 0.906250 0.242188 0.036458 0.029297
0 0.923828 0.413574 0.009115 0.012695
0 0.932943 0.527344 0.009115 0.007812
0 0.920573 0.606445 0.036458 0.011719
0 0.934896 0.346680 0.010417 0.005859
0 0.935547 0.287109 0.014323 0.015625
0 0.932943 0.487793 0.022135 0.018555
0 0.935547 0.377441 0.022135 0.012695
0 0.945312 0.928711 0.028646 0.023438
0 0.953125 0.348633 0.013021 0.005859
0 0.956380 0.162598 0.009115 0.006836
0 0.947266 0.082520 0.027344 0.012695
0 0.955078 0.039551 0.011719 0.006836
0 0.958984 0.724121 0.011719 0.010742
0 0.960938 0.593750 0.010417 0.009766
0 0.962240 0.869141 0.010417 0.005859
0 0.964844 0.824219 0.010417 0.005859
0 0.966146 0.954590 0.013021 0.008789
0 0.955078 0.980957 0.040365 0.012695
0 0.966146 0.200684 0.020833 0.016602
0 0.968099 0.508301 0.019531 0.010742
0 0.975911 0.397949 0.014323 0.012695
0 0.980469 0.076660 0.007812 0.008789
0 0.980469 0.324219 0.013021 0.007812
0 0.982422 0.534668 0.011719 0.008789
0 0.986979 0.514648 0.010417 0.007812
0 0.982422 0.039062 0.022135 0.009766
0 0.986979 0.482910 0.015625 0.010742
0 0.992188 0.695312 0.015625 0.005859
0 0.995443 0.087891 0.009115 0.007812
0 0.991536 0.004395 0.016927 0.008789
0 0.125000 0.414062 0.015625 0.011719
0 0.130208 0.464355 0.015625 0.014648