2 0.113281 0.227051 0.010417 0.010742
2 0.108724 0.826660 0.024740 0.030273
2 0.116536 0.633789 0.022135 0.021484
2 0.119141 0.244141 0.019531 0.013672
2 0.128255 0.067383 0.009115 0.009766
2 0.119792 0.508301 0.026042 0.008789
2 0.128255 0.936523 0.011719 0.011719
2 0.128906 0.162109 0.018229 0.009766
2 0.130208 0.890625 0.028646 0.009766
2 0.134115 0.305176 0.026042 0.018555
2 0.142578 0.670410 0.014323 0.018555
2 0.147786 0.493164 0.011719 0.009766
2 0.141927 0.692383 0.026042 0.011719
2 0.151042 0.987793 0.010417 0.014648
2 0.154948 0.019531 0.020833 0.021484
2 0.152344 0.451172 0.026042 0.021484
2 0.164714 0.419434 0.014323 0.006836
2 0.165365 0.740234 0.026042 0.015625
2 0.167969 0.346680 0.023438 0.019531
2 0.174479 0.291992 0.015625 0.011719
2 0.176432 0.395508 0.019531 0.009766
2 0.179688 0.930176 0.013021 0.012695
2 0.166667 0.072754 0.052083 0.032227
2 0.180990 0.562500 0.023438 0.015625
2 0.187500 0.807617 0.013021 0.007812
2 0.194661 0.263184 0.029948 0.014648
2 0.205078 0.277344 0.019531 0.011719
2 0.197917 0.990234 0.036458 0.019531
2 0.207031 0.758789 0.023438 0.013672
2 0.216797 0.477051 0.014323 0.008789
2 0.215495 0.930176 0.024740 0.016602
2 0.223307 0.206055 0.011719 0.013672
2 0.233073 0.910156 0.013021 0.011719
2 0.236328 0.455078 0.011719 0.009766
2 0.216797 0.342285 0.058594 0.034180
2 0.229818 0.062012 0.045573 0.041992
2 0.251302 0.569336 0.007812 0.007812
2 0.248698 0.583984 0.013021 0.007812
2 0.254557 0.020020 0.006510 0.008789
2 0.252604 0.131836 0.013021 0.005859
2 0.253906 0.984863 0.010417 0.006836
2 0.261719 0.264648 0.010417 0.007812
2 0.270833 0.169922 0.013021 0.009766
2 0.270833 0.461914 0.013021 0.009766
2 0.275391 0.115723 0.014323 0.014648
2 0.266927 0.911621 0.033854 0.018555
2 0.284505 0.289062 0.009115 0.017578
2 0.275391 0.614258 0.029948 0.015625
2 0.286458 0.102051 0.010417 0.012695
2 0.261068 0.663086 0.061198 0.042969
2 0.286458 0.449219 0.018229 0.011719
2 0.294271 0.902344 0.015625 0.013672
2 0.291667 0.377930 0.023438 0.023438
2 0.294271 0.764160 0.018229 0.008789
2 0.290365 0.948730 0.026042 0.030273
2 0.298828 0.705078 0.016927 0.013672
2 0.292318 0.507812 0.037760 0.042969
2 0.305990 0.400879 0.013021 0.020508
2 0.314453 0.177734 0.014323 0.011719
2 0.316406 0.801758 0.010417 0.011719
2 0.324870 0.092773 0.009115 0.011719
2 0.322266 0.884277 0.029948 0.022461
2 0.332682 0.588379 0.019531 0.008789
2 0.340495 0.217285 0.014323 0.014648
2 0.320312 0.636230 0.057292 0.030273
2 0.337891 0.757812 0.024740 0.015625
2 0.319661 0.017578 0.063802 0.035156
2 0.348307 0.570801 0.011719 0.008789
2 0.349609 0.474121 0.019531 0.014648
2 0.352214 0.420410 0.019531 0.016602
2 0.357422 0.594727 0.009115 0.009766
2 0.360026 0.746582 0.009115 0.006836
2 0.363932 0.949707 0.011719 0.006836
2 0.355469 0.062988 0.033854 0.024414
2 0.369141 0.040039 0.011719 0.009766
2 0.370443 0.175293 0.011719 0.006836
2 0.380208 0.201172 0.010417 0.007812
2 0.383464 0.185059 0.009115 0.006836
2 0.386068 0.673340 0.009115 0.006836
2 0.387370 0.043945 0.009115 0.009766
2 0.384115 0.997559 0.015625 0.004883
2 0.390625 0.156738 0.010417 0.006836
2 0.380859 0.246582 0.035156 0.010742
2 0.384766 0.926758 0.029948 0.035156
2 0.388021 0.348145 0.026042 0.024414
2 0.396484 0.653320 0.011719 0.013672
2 0.393880 0.106934 0.022135 0.010742
2 0.399740 0.289551 0.026042 0.034180
2 0.404297 0.542480 0.016927 0.010742
2 0.400391 0.832031 0.027344 0.017578
2 0.403646 0.622070 0.026042 0.011719
2 0.412109 0.193848 0.016927 0.012695
2 0.419271 0.808105 0.013021 0.012695
2 0.413411 0.995605 0.029948 0.008789
2 0.421875 0.468262 0.020833 0.018555
2 0.425781 0.234375 0.015625 0.015625
2 0.425130 0.730957 0.016927 0.010742
2 0.426432 0.774414 0.016927 0.011719
2 0.428385 0.432617 0.020833 0.019531
2 0.419922 0.021973 0.042969 0.016602
2 0.440104 0.745117 0.010417 0.013672
2 0.449870 0.534180 0.009115 0.007812
2 0.449219 0.403320 0.018229 0.013672
2 0.443359 0.890137 0.029948 0.051758
2 0.439453 0.359863 0.040365 0.028320
2 0.466146 0.045410 0.015625 0.012695
2 0.470703 0.083496 0.014323 0.010742
2 0.472005 0.361328 0.011719 0.017578
2 0.466146 0.808105 0.028646 0.020508
2 0.473958 0.135742 0.020833 0.011719
2 0.473307 0.996582 0.022135 0.006836
2 0.474609 0.851074 0.032552 0.010742
2 0.487630 0.958496 0.014323 0.008789
2 0.480469 0.279785 0.031250 0.018555
2 0.477865 0.218750 0.046875 0.027344
2 0.487630 0.466309 0.027344 0.020508
2 0.494141 0.120605 0.016927 0.010742
2 0.470052 0.605957 0.065104 0.030273
2 0.500651 0.556152 0.011719 0.010742
2 0.487630 0.519043 0.042969 0.022461
2 0.509766 0.036133 0.011719 0.007812
2 0.507161 0.058594 0.019531 0.015625
2 0.507812 0.369629 0.023438 0.024414
2 0.508464 0.909180 0.037760 0.033203
2 0.525391 0.562988 0.014323 0.016602
2 0.522135 0.398926 0.026042 0.008789
2 0.521484 0.740234 0.027344 0.017578
2 0.531250 0.541016 0.010417 0.005859
2 0.535156 0.206543 0.010417 0.006836
2 0.537760 0.029297 0.015625 0.009766
2 0.540365 0.500977 0.013021 0.013672
2 0.541667 0.334473 0.020833 0.016602
2 0.545573 0.192871 0.015625 0.008789
2 0.549479 0.623047 0.013021 0.007812
2 0.550781 0.776367 0.010417 0.009766
2 0.549479 0.933594 0.013021 0.007812
2 0.559245 0.711426 0.009115 0.008789
2 0.557292 0.907715 0.013021 0.014648
2 0.537109 0.835938 0.074219 0.060547
2 0.570312 0.700684 0.010417 0.008789
2 0.572266 0.644531 0.009115 0.009766
2 0.567708 0.573242 0.023438 0.027344
2 0.568359 0.145508 0.024740 0.013672
2 0.572917 0.271973 0.015625 0.012695
2 0.565104 0.116211 0.036458 0.033203
2 0.583984 0.617188 0.022135 0.017578
2 0.592448 0.314941 0.015625 0.008789
2 0.585286 0.901855 0.029948 0.022461
2 0.596354 0.787109 0.010417 0.011719
2 0.598958 0.671387 0.013021 0.006836
2 0.582682 0.043945 0.050781 0.019531
2 0.609375 0.763672 0.018229 0.013672
2 0.618490 0.641113 0.015625 0.018555
2 0.625651 0.441895 0.009115 0.012695
2 0.622396 0.520508 0.018229 0.015625
2 0.621094 0.100098 0.039062 0.016602
2 0.630208 0.244629 0.028646 0.014648
2 0.639323 0.493164 0.015625 0.007812
2 0.647135 0.917969 0.007812 0.013672
2 0.640625 0.564453 0.026042 0.015625
2 0.645182 0.868652 0.019531 0.022461
2 0.640625 0.198730 0.036458 0.032227
2 0.648438 0.074707 0.026042 0.022461
2 0.651693 0.381348 0.024740 0.020508
2 0.658854 0.800781 0.015625 0.013672
2 0.656901 0.530762 0.024740 0.018555
2 0.665365 0.361328 0.010417 0.007812
2 0.673177 0.138184 0.010417 0.006836
2 0.674479 0.971191 0.007812 0.010742
2 0.669922 0.011230 0.024740 0.012695
2 0.674479 0.675781 0.020833 0.011719
2 0.675130 0.714355 0.019531 0.028320
2 0.679688 0.431152 0.013021 0.014648
2 0.680339 0.328125 0.019531 0.007812
2 0.685547 0.467773 0.022135 0.011719
2 0.684896 0.264160 0.041667 0.063477
2 0.701172 0.412598 0.014323 0.010742
2 0.708333 0.708984 0.010417 0.007812
2 0.713542 0.991699 0.015625 0.016602
2 0.720052 0.034180 0.015625 0.015625
2 0.719401 0.575195 0.019531 0.009766
2 0.718099 0.631348 0.022135 0.008789
2 0.713542 0.228516 0.036458 0.023438
2 0.710286 0.179199 0.045573 0.022461
2 0.725260 0.074219 0.028646 0.013672
2 0.738932 0.159668 0.014323 0.012695
2 0.729818 0.518555 0.045573 0.039062
2 0.750000 0.659668 0.007812 0.006836
2 0.742839 0.983398 0.024740 0.011719
2 0.744141 0.250000 0.029948 0.033203
2 0.729818 0.851074 0.063802 0.061523
2 0.740234 0.790039 0.045573 0.031250
2 0.759115 0.944824 0.007812 0.010742
2 0.755859 0.625977 0.016927 0.019531
2 0.753255 0.304688 0.024740 0.015625
2 0.766276 0.361816 0.022135 0.012695
2 0.764323 0.889160 0.028646 0.030273
2 0.775391 0.207031 0.011719 0.013672
2 0.779297 0.777344 0.014323 0.011719
2 0.773438 0.099609 0.031250 0.023438
2 0.774740 0.703125 0.028646 0.023438
2 0.781250 0.952637 0.015625 0.004883
2 0.785156 0.178223 0.023438 0.016602
2 0.795573 0.978516 0.007812 0.007812
2 0.777995 0.431152 0.045573 0.028320
2 0.796224 0.676758 0.009115 0.007812
2 0.800130 0.902832 0.009115 0.006836
2 0.803385 0.128906 0.007812 0.007812
2 0.809245 0.115723 0.014323 0.006836
2 0.815104 0.583496 0.007812 0.008789
2 0.811198 0.389160 0.023438 0.030273
2 0.819661 0.214355 0.022135 0.014648
2 0.815104 0.525391 0.031250 0.023438
2 0.827474 0.257324 0.011719 0.006836
2 0.830729 0.556152 0.015625 0.018555
2 0.813802 0.324219 0.052083 0.025391
2 0.843750 0.643555 0.026042 0.035156
2 0.856771 0.687988 0.010417 0.008789
2 0.856120 0.190430 0.014323 0.009766
2 0.859375 0.060059 0.013021 0.006836
2 0.861979 0.273926 0.010417 0.006836
2 0.863932 0.170898 0.011719 0.011719
2 0.865885 0.121582 0.010417 0.014648
2 0.865885 0.883789 0.015625 0.009766
2 0.863932 0.243164 0.032552 0.019531
2 0.880859 0.094238 0.019531 0.022461
2 0.872396 0.790527 0.039062 0.014648
2 0.881510 0.562988 0.033854 0.018555
2 0.891927 0.970703 0.013021 0.005859
2 0.891276 0.417480 0.016927 0.010742
2 0.900391 0.189941 0.011719 0.006836
2 0.889974 0.868652 0.032552 0.045898
2 0.904297 0.209961 0.009115 0.011719
2 0.892578 0.480957 0.037760 0.026367
2 0.897786 0.686035 0.027344 0.010742
2 0.904948 0.540039 0.023438 0.019531
2 0.912760 0.009277 0.028646 0.018555
2 0.915365 0.564453 0.026042 0.021484
2 0.921224 0.915039 0.014323 0.013672
2 0.926432 0.428223 0.011719 0.010742
2 0.928385 0.957031 0.007812 0.007812
2 0.938151 0.469238 0.009115 0.006836
2 0.932292 0.815430 0.026042 0.019531
2 0.939453 0.181641 0.014323 0.011719
2 0.940104 0.846680 0.013021 0.009766
2 0.941406 0.036133 0.018229 0.007812
2 0.944661 0.420898 0.011719 0.005859
2 0.931641 0.667969 0.040365 0.025391
2 0.940755 0.499023 0.024740 0.023438
2 0.947917 0.732422 0.010417 0.009766
2 0.952474 0.540527 0.027344 0.028320
2 0.967448 0.725586 0.007812 0.007812
2 0.966797 0.389648 0.011719 0.005859
2 0.960286 0.119141 0.032552 0.013672
2 0.972656 0.896484 0.015625 0.015625
2 0.971354 0.781250 0.023438 0.027344
2 0.974609 0.616699 0.022135 0.016602
2 0.971354 0.304199 0.031250 0.016602
2 0.981771 0.711426 0.013021 0.008789
2 0.981771 0.754883 0.013021 0.015625
2 0.981120 0.476562 0.016927 0.009766
2 0.990234 0.604980 0.009115 0.008789
2 0.977214 0.642578 0.037760 0.015625
2 0.983724 0.354980 0.032552 0.034180
2 0.994792 0.854980 0.010417 0.012695
2 0.989583 0.986816 0.020833 0.026367