2 0.886719 0.227051 0.010417 0.010742
2 0.891276 0.826660 0.024740 0.030273
2 0.883464 0.633789 0.022135 0.021484
2 0.880859 0.244141 0.019531 0.013672
2 0.871745 0.067383 0.009115 0.009766
2 0.880208 0.508301 0.026042 0.008789
2 0.871745 0.936523 0.011719 0.011719
2 0.871094 0.162109 0.018229 0.009766
2 0.869792 0.890625 0.028646 0.009766
2 0.865885 0.305176 0.026042 0.018555
2 0.857422 0.670410 0.014323 0.018555
2 0.852214 0.493164 0.011719 0.009766
2 0.858073 0.692383 0.026042 0.011719
2 0.848958 0.987793 0.010417 0.014648
2 0.845052 0.019531 0.020833 0.021484
2 0.847656 0.451172 0.026042 0.021484
2 0.835286 0.419434 0.014323 0.006836
2 0.834635 0.740234 0.026042 0.015625
2 0.832031 0.346680 0.023438 0.019531
2 0.825521 0.291992 0.015625 0.011719
2 0.823568 0.395508 0.019531 0.009766
2 0.820312 0.930176 0.013021 0.012695
2 0.833333 0.072754 0.052083 0.032227
2 0.819010 0.562500 0.023438 0.015625
2 0.812500 0.807617 0.013021 0.007812
2 0.805339 0.263184 0.029948 0.014648
2 0.794922 0.277344 0.019531 0.011719
2 0.802083 0.990234 0.036458 0.019531
2 0.792969 0.758789 0.023438 0.013672
2 0.783203 0.477051 0.014323 0.008789
2 0.784505 0.930176 0.024740 0.016602
2 0.776693 0.206055 0.011719 0.013672
2 0.766927 0.910156 0.013021 0.011719
2 0.763672 0.455078 0.011719 0.009766
2 0.783203 0.342285 0.058594 0.034180
2 0.770182 0.062012 0.045573 0.041992
2 0.748698 0.569336 0.007812 0.007812
2 0.751302 0.583984 0.013021 0.007812
2 0.745443 0.020020 0.006510 0.008789
2 0.747396 0.131836 0.013021 0.005859
2 0.746094 0.984863 0.010417 0.006836
2 0.738281 0.264648 0.010417 0.007812
2 0.729167 0.169922 0.013021 0.009766
2 0.729167 0.461914 0.013021 0.009766
2 0.724609 0.115723 0.014323 0.014648
2 0.733073 0.911621 0.033854 0.018555
2 0.715495 0.289062 0.009115 0.017578
2 0.724609 0.614258 0.029948 0.015625
2 0.713542 0.102051 0.010417 0.012695
2 0.738932 0.663086 0.061198 0.042969
2 0.713542 0.449219 0.018229 0.011719
2 0.705729 0.902344 0.015625 0.013672
2 0.708333 0.377930 0.023438 0.023438
2 0.705729 0.764160 0.018229 0.008789
2 0.709635 0.948730 0.026042 0.030273
2 0.701172 0.705078 0.016927 0.013672
2 0.707682 0.507812 0.037760 0.042969
2 0.694010 0.400879 0.013021 0.020508
2 0.685547 0.177734 0.014323 0.011719
2 0.683594 0.801758 0.010417 0.011719
2 0.675130 0.092773 0.009115 0.011719
2 0.677734 0.884277 0.029948 0.022461
2 0.667318 0.588379 0.019531 0.008789
2 0.659505 0.217285 0.014323 0.014648
2 0.679688 0.636230 0.057292 0.030273
2 0.662109 0.757812 0.024740 0.015625
2 0.680339 0.017578 0.063802 0.035156
2 0.651693 0.570801 0.011719 0.008789
2 0.650391 0.474121 0.019531 0.014648
2 0.647786 0.420410 0.019531 0.016602
2 0.642578 0.594727 0.009115 0.009766
2 0.639974 0.746582 0.009115 0.006836
2 0.636068 0.949707 0.011719 0.006836
2 0.644531 0.062988 0.033854 0.024414
2 0.630859 0.040039 0.011719 0.009766
2 0.629557 0.175293 0.011719 0.006836
2 0.619792 0.201172 0.010417 0.007812
2 0.616536 0.185059 0.009115 0.006836
2 0.613932 0.673340 0.009115 0.006836
2 0.612630 0.043945 0.009115 0.009766
2 0.615885 0.997559 0.015625 0.004883
2 0.609375 0.156738 0.010417 0.006836
2 0.619141 0.246582 0.035156 0.010742
2 0.615234 0.926758 0.029948 0.035156
2 0.611979 0.348145 0.026042 0.024414
2 0.603516 0.653320 0.011719 0.013672
2 0.606120 0.106934 0.022135 0.010742
2 0.600260 0.289551 0.026042 0.034180
2 0.595703 0.542480 0.016927 0.010742
2 0.599609 0.832031 0.027344 0.017578
2 0.596354 0.622070 0.026042 0.011719
2 0.587891 0.193848 0.016927 0.012695
2 0.580729 0.808105 0.013021 0.012695
2 0.586589 0.995605 0.029948 0.008789
2 0.578125 0.468262 0.020833 0.018555
2 0.574219 0.234375 0.015625 0.015625
2 0.574870 0.730957 0.016927 0.010742
2 0.573568 0.774414 0.016927 0.011719
2 0.571615 0.432617 0.020833 0.019531
2 0.580078 0.021973 0.042969 0.016602
2 0.559896 0.745117 0.010417 0.013672
2 0.550130 0.534180 0.009115 0.007812
2 0.550781 0.403320 0.018229 0.013672
2 0.556641 0.890137 0.029948 0.051758
2 0.560547 0.359863 0.040365 0.028320
2 0.533854 0.045410 0.015625 0.012695
2 0.529297 0.083496 0.014323 0.010742
2 0.527995 0.361328 0.011719 0.017578
2 0.533854 0.808105 0.028646 0.020508
2 0.526042 0.135742 0.020833 0.011719
2 0.526693 0.996582 0.022135 0.006836
2 0.525391 0.851074 0.032552 0.010742
2 0.512370 0.958496 0.014323 0.008789
2 0.519531 0.279785 0.031250 0.018555
2 0.522135 0.218750 0.046875 0.027344
2 0.512370 0.466309 0.027344 0.020508
2 0.505859 0.120605 0.016927 0.010742
2 0.529948 0.605957 0.065104 0.030273
2 0.499349 0.556152 0.011719 0.010742
2 0.512370 0.519043 0.042969 0.022461
2 0.490234 0.036133 0.011719 0.007812
2 0.492839 0.058594 0.019531 0.015625
2 0.492188 0.369629 0.023438 0.024414
2 0.491536 0.909180 0.037760 0.033203
2 0.474609 0.562988 0.014323 0.016602
2 0.477865 0.398926 0.026042 0.008789
2 0.478516 0.740234 0.027344 0.017578
2 0.468750 0.541016 0.010417 0.005859
2 0.464844 0.206543 0.010417 0.006836
2 0.462240 0.029297 0.015625 0.009766
2 0.459635 0.500977 0.013021 0.013672
2 0.458333 0.334473 0.020833 0.016602
2 0.454427 0.192871 0.015625 0.008789
2 0.450521 0.623047 0.013021 0.007812
2 0.449219 0.776367 0.010417 0.009766
2 0.450521 0.933594 0.013021 0.007812
2 0.440755 0.711426 0.009115 0.008789
2 0.442708 0.907715 0.013021 0.014648
2 0.462891 0.835938 0.074219 0.060547
2 0.429688 0.700684 0.010417 0.008789
2 0.427734 0.644531 0.009115 0.009766
2 0.432292 0.573242 0.023438 0.027344
2 0.431641 0.145508 0.024740 0.013672
2 0.427083 0.271973 0.015625 0.012695
2 0.434896 0.116211 0.036458 0.033203
2 0.416016 0.617188 0.022135 0.017578
2 0.407552 0.314941 0.015625 0.008789
2 0.414714 0.901855 0.029948 0.022461
2 0.403646 0.787109 0.010417 0.011719
2 0.401042 0.671387 0.013021 0.006836
2 0.417318 0.043945 0.050781 0.019531
2 0.390625 0.763672 0.018229 0.013672
2 0.381510 0.641113 0.015625 0.018555
2 0.374349 0.441895 0.009115 0.012695
2 0.377604 0.520508 0.018229 0.015625
2 0.378906 0.100098 0.039062 0.016602
2 0.369792 0.244629 0.028646 0.014648
2 0.360677 0.493164 0.015625 0.007812
2 0.352865 0.917969 0.007812 0.013672
2 0.359375 0.564453 0.026042 0.015625
2 0.354818 0.868652 0.019531 0.022461
2 0.359375 0.198730 0.036458 0.032227
2 0.351562 0.074707 0.026042 0.022461
2 0.348307 0.381348 0.024740 0.020508
2 0.341146 0.800781 0.015625 0.013672
2 0.343099 0.530762 0.024740 0.018555
2 0.334635 0.361328 0.010417 0.007812
2 0.326823 0.138184 0.010417 0.006836
2 0.325521 0.971191 0.007812 0.010742
2 0.330078 0.011230 0.024740 0.012695
2 0.325521 0.675781 0.020833 0.011719
2 0.324870 0.714355 0.019531 0.028320
2 0.320312 0.431152 0.013021 0.014648
2 0.319661 0.328125 0.019531 0.007812
2 0.314453 0.467773 0.022135 0.011719
2 0.315104 0.264160 0.041667 0.063477
2 0.298828 0.412598 0.014323 0.010742
2 0.291667 0.708984 0.010417 0.007812
2 0.286458 0.991699 0.015625 0.016602
2 0.279948 0.034180 0.015625 0.015625
2 0.280599 0.575195 0.019531 0.009766
2 0.281901 0.631348 0.022135 0.008789
2 0.286458 0.228516 0.036458 0.023438
2 0.289714 0.179199 0.045573 0.022461
2 0.274740 0.074219 0.028646 0.013672
2 0.261068 0.159668 0.014323 0.012695
2 0.270182 0.518555 0.045573 0.039062
2 0.250000 0.659668 0.007812 0.006836
2 0.257161 0.983398 0.024740 0.011719
2 0.255859 0.250000 0.029948 0.033203
2 0.270182 0.851074 0.063802 0.061523
2 0.259766 0.790039 0.045573 0.031250
2 0.240885 0.944824 0.007812 0.010742
2 0.244141 0.625977 0.016927 0.019531
2 0.246745 0.304688 0.024740 0.015625
2 0.233724 0.361816 0.022135 0.012695
2 0.235677 0.889160 0.028646 0.030273
2 0.224609 0.207031 0.011719 0.013672
2 0.220703 0.777344 0.014323 0.011719
2 0.226562 0.099609 0.031250 0.023438
2 0.225260 0.703125 0.028646 0.023438
2 0.218750 0.952637 0.015625 0.004883
2 0.214844 0.178223 0.023438 0.016602
2 0.204427 0.978516 0.007812 0.007812
2 0.222005 0.431152 0.045573 0.028320
2 0.203776 0.676758 0.009115 0.007812
2 0.199870 0.902832 0.009115 0.006836
2 0.196615 0.128906 0.007812 0.007812
2 0.190755 0.115723 0.014323 0.006836
2 0.184896 0.583496 0.007812 0.008789
2 0.188802 0.389160 0.023438 0.030273
2 0.180339 0.214355 0.022135 0.014648
2 0.184896 0.525391 0.031250 0.023438
2 0.172526 0.257324 0.011719 0.006836
2 0.169271 0.556152 0.015625 0.018555
2 0.186198 0.324219 0.052083 0.025391
2 0.156250 0.643555 0.026042 0.035156
2 0.143229 0.687988 0.010417 0.008789
2 0.143880 0.190430 0.014323 0.009766
2 0.140625 0.060059 0.013021 0.006836
2 0.138021 0.273926 0.010417 0.006836
2 0.136068 0.170898 0.011719 0.011719
2 0.134115 0.121582 0.010417 0.014648
2 0.134115 0.883789 0.015625 0.009766
2 0.136068 0.243164 0.032552 0.019531
2 0.119141 0.094238 0.019531 0.022461
2 0.127604 0.790527 0.039062 0.014648
2 0.118490 0.562988 0.033854 0.018555
2 0.108073 0.970703 0.013021 0.005859
2 0.108724 0.417480 0.016927 0.010742
2 0.099609 0.189941 0.011719 0.006836
2 0.110026 0.868652 0.032552 0.045898
2 0.095703 0.209961 0.009115 0.011719
2 0.107422 0.480957 0.037760 0.026367
2 0.102214 0.686035 0.027344 0.010742
2 0.095052 0.540039 0.023438 0.019531
2 0.087240 0.009277 0.028646 0.018555
2 0.084635 0.564453 0.026042 0.021484
2 0.078776 0.915039 0.014323 0.013672
2 0.073568 0.428223 0.011719 0.010742
2 0.071615 0.957031 0.007812 0.007812
2 0.061849 0.469238 0.009115 0.006836
2 0.067708 0.815430 0.026042 0.019531
2 0.060547 0.181641 0.014323 0.011719
2 0.059896 0.846680 0.013021 0.009766
2 0.058594 0.036133 0.018229 0.007812
2 0.055339 0.420898 0.011719 0.005859
2 0.068359 0.667969 0.040365 0.025391
2 0.059245 0.499023 0.024740 0.023438
2 0.052083 0.732422 0.010417 0.009766
2 0.047526 0.540527 0.027344 0.028320
2 0.032552 0.725586 0.007812 0.007812
2 0.033203 0.389648 0.011719 0.005859
2 0.039714 0.119141 0.032552 0.013672
2 0.027344 0.896484 0.015625 0.015625
2 0.028646 0.781250 0.023438 0.027344
2 0.025391 0.616699 0.022135 0.016602
2 0.028646 0.304199 0.031250 0.016602
2 0.018229 0.711426 0.013021 0.008789
2 0.018229 0.754883 0.013021 0.015625
2 0.018880 0.476562 0.016927 0.009766
2 0.009766 0.604980 0.009115 0.008789
2 0.022786 0.642578 0.037760 0.015625
2 0.016276 0.354980 0.032552 0.034180
2 0.005208 0.854980 0.010417 0.012695
2 0.010417 0.986816 0.020833 0.026367