2 0.113281 0.772949 0.010417 0.010742
2 0.108724 0.173340 0.024740 0.030273
2 0.116536 0.366211 0.022135 0.021484
2 0.119141 0.755859 0.019531 0.013672
2 0.128255 0.932617 0.009115 0.009766
2 0.119792 0.491699 0.026042 0.008789
2 0.128255 0.063477 0.011719 0.011719
2 0.128906 0.837891 0.018229 0.009766
2 0.130208 0.109375 0.028646 0.009766
2 0.134115 0.694824 0.026042 0.018555
2 0.142578 0.329590 0.014323 0.018555
2 0.147786 0.506836 0.011719 0.009766
2 0.141927 0.307617 0.026042 0.011719
2 0.151042 0.012207 0.010417 0.014648
2 0.154948 0.980469 0.020833 0.021484
2 0.152344 0.548828 0.026042 0.021484
2 0.164714 0.580566 0.014323 0.006836
2 0.165365 0.259766 0.026042 0.015625
2 0.167969 0.653320 0.023438 0.019531
2 0.174479 0.708008 0.015625 0.011719
2 0.176432 0.604492 0.019531 0.009766
2 0.179688 0.069824 0.013021 0.012695
2 0.166667 0.927246 0.052083 0.032227
2 0.180990 0.437500 0.023438 0.015625
2 0.187500 0.192383 0.013021 0.007812
2 0.194661 0.736816 0.029948 0.014648
2 0.205078 0.722656 0.019531 0.011719
2 0.197917 0.009766 0.036458 0.019531
2 0.207031 0.241211 0.023438 0.013672
2 0.216797 0.522949 0.014323 0.008789
2 0.215495 0.069824 0.024740 0.016602
2 0.223307 0.793945 0.011719 0.013672
2 0.233073 0.089844 0.013021 0.011719
2 0.236328 0.544922 0.011719 0.009766
2 0.216797 0.657715 0.058594 0.034180
2 0.229818 0.937988 0.045573 0.041992
2 0.251302 0.430664 0.007812 0.007812
2 0.248698 0.416016 0.013021 0.007812
2 0.254557 0.979980 0.006510 0.008789
2 0.252604 0.868164 0.013021 0.005859
2 0.253906 0.015137 0.010417 0.006836
2 0.261719 0.735352 0.010417 0.007812
2 0.270833 0.830078 0.013021 0.009766
2 0.270833 0.538086 0.013021 0.009766
2 0.275391 0.884277 0.014323 0.014648
2 0.266927 0.088379 0.033854 0.018555
2 0.284505 0.710938 0.009115 0.017578
2 0.275391 0.385742 0.029948 0.015625
2 0.286458 0.897949 0.010417 0.012695
2 0.261068 0.336914 0.061198 0.042969
2 0.286458 0.550781 0.018229 0.011719
2 0.294271 0.097656 0.015625 0.013672
2 0.291667 0.622070 0.023438 0.023438
2 0.294271 0.235840 0.018229 0.008789
2 0.290365 0.051270 0.026042 0.030273
2 0.298828 0.294922 0.016927 0.013672
2 0.292318 0.492188 0.037760 0.042969
2 0.305990 0.599121 0.013021 0.020508
2 0.314453 0.822266 0.014323 0.011719
2 0.316406 0.198242 0.010417 0.011719
2 0.324870 0.907227 0.009115 0.011719
2 0.322266 0.115723 0.029948 0.022461
2 0.332682 0.411621 0.019531 0.008789
2 0.340495 0.782715 0.014323 0.014648
2 0.320312 0.363770 0.057292 0.030273
2 0.337891 0.242188 0.024740 0.015625
2 0.319661 0.982422 0.063802 0.035156
2 0.348307 0.429199 0.011719 0.008789
2 0.349609 0.525879 0.019531 0.014648
2 0.352214 0.579590 0.019531 0.016602
2 0.357422 0.405273 0.009115 0.009766
2 0.360026 0.253418 0.009115 0.006836
2 0.363932 0.050293 0.011719 0.006836
2 0.355469 0.937012 0.033854 0.024414
2 0.369141 0.959961 0.011719 0.009766
2 0.370443 0.824707 0.011719 0.006836
2 0.380208 0.798828 0.010417 0.007812
2 0.383464 0.814941 0.009115 0.006836
2 0.386068 0.326660 0.009115 0.006836
2 0.387370 0.956055 0.009115 0.009766
2 0.384115 0.002441 0.015625 0.004883
2 0.390625 0.843262 0.010417 0.006836
2 0.380859 0.753418 0.035156 0.010742
2 0.384766 0.073242 0.029948 0.035156
2 0.388021 0.651855 0.026042 0.024414
2 0.396484 0.346680 0.011719 0.013672
2 0.393880 0.893066 0.022135 0.010742
2 0.399740 0.710449 0.026042 0.034180
2 0.404297 0.457520 0.016927 0.010742
2 0.400391 0.167969 0.027344 0.017578
2 0.403646 0.377930 0.026042 0.011719
2 0.412109 0.806152 0.016927 0.012695
2 0.419271 0.191895 0.013021 0.012695
2 0.413411 0.004395 0.029948 0.008789
2 0.421875 0.531738 0.020833 0.018555
2 0.425781 0.765625 0.015625 0.015625
2 0.425130 0.269043 0.016927 0.010742
2 0.426432 0.225586 0.016927 0.011719
2 0.428385 0.567383 0.020833 0.019531
2 0.419922 0.978027 0.042969 0.016602
2 0.440104 0.254883 0.010417 0.013672
2 0.449870 0.465820 0.009115 0.007812
2 0.449219 0.596680 0.018229 0.013672
2 0.443359 0.109863 0.029948 0.051758
2 0.439453 0.640137 0.040365 0.028320
2 0.466146 0.954590 0.015625 0.012695
2 0.470703 0.916504 0.014323 0.010742
2 0.472005 0.638672 0.011719 0.017578
2 0.466146 0.191895 0.028646 0.020508
2 0.473958 0.864258 0.020833 0.011719
2 0.473307 0.003418 0.022135 0.006836
2 0.474609 0.148926 0.032552 0.010742
2 0.487630 0.041504 0.014323 0.008789
2 0.480469 0.720215 0.031250 0.018555
2 0.477865 0.781250 0.046875 0.027344
2 0.487630 0.533691 0.027344 0.020508
2 0.494141 0.879395 0.016927 0.010742
2 0.470052 0.394043 0.065104 0.030273
2 0.500651 0.443848 0.011719 0.010742
2 0.487630 0.480957 0.042969 0.022461
2 0.509766 0.963867 0.011719 0.007812
2 0.507161 0.941406 0.019531 0.015625
2 0.507812 0.630371 0.023438 0.024414
2 0.508464 0.090820 0.037760 0.033203
2 0.525391 0.437012 0.014323 0.016602
2 0.522135 0.601074 0.026042 0.008789
2 0.521484 0.259766 0.027344 0.017578
2 0.531250 0.458984 0.010417 0.005859
2 0.535156 0.793457 0.010417 0.006836
2 0.537760 0.970703 0.015625 0.009766
2 0.540365 0.499023 0.013021 0.013672
2 0.541667 0.665527 0.020833 0.016602
2 0.545573 0.807129 0.015625 0.008789
2 0.549479 0.376953 0.013021 0.007812
2 0.550781 0.223633 0.010417 0.009766
2 0.549479 0.066406 0.013021 0.007812
2 0.559245 0.288574 0.009115 0.008789
2 0.557292 0.092285 0.013021 0.014648
2 0.537109 0.164062 0.074219 0.060547
2 0.570312 0.299316 0.010417 0.008789
2 0.572266 0.355469 0.009115 0.009766
2 0.567708 0.426758 0.023438 0.027344
2 0.568359 0.854492 0.024740 0.013672
2 0.572917 0.728027 0.015625 0.012695
2 0.565104 0.883789 0.036458 0.033203
2 0.583984 0.382812 0.022135 0.017578
2 0.592448 0.685059 0.015625 0.008789
2 0.585286 0.098145 0.029948 0.022461
2 0.596354 0.212891 0.010417 0.011719
2 0.598958 0.328613 0.013021 0.006836
2 0.582682 0.956055 0.050781 0.019531
2 0.609375 0.236328 0.018229 0.013672
2 0.618490 0.358887 0.015625 0.018555
2 0.625651 0.558105 0.009115 0.012695
2 0.622396 0.479492 0.018229 0.015625
2 0.621094 0.899902 0.039062 0.016602
2 0.630208 0.755371 0.028646 0.014648
2 0.639323 0.506836 0.015625 0.007812
2 0.647135 0.082031 0.007812 0.013672
2 0.640625 0.435547 0.026042 0.015625
2 0.645182 0.131348 0.019531 0.022461
2 0.640625 0.801270 0.036458 0.032227
2 0.648438 0.925293 0.026042 0.022461
2 0.651693 0.618652 0.024740 0.020508
2 0.658854 0.199219 0.015625 0.013672
2 0.656901 0.469238 0.024740 0.018555
2 0.665365 0.638672 0.010417 0.007812
2 0.673177 0.861816 0.010417 0.006836
2 0.674479 0.028809 0.007812 0.010742
2 0.669922 0.988770 0.024740 0.012695
2 0.674479 0.324219 0.020833 0.011719
2 0.675130 0.285645 0.019531 0.028320
2 0.679688 0.568848 0.013021 0.014648
2 0.680339 0.671875 0.019531 0.007812
2 0.685547 0.532227 0.022135 0.011719
2 0.684896 0.735840 0.041667 0.063477
2 0.701172 0.587402 0.014323 0.010742
2 0.708333 0.291016 0.010417 0.007812
2 0.713542 0.008301 0.015625 0.016602
2 0.720052 0.965820 0.015625 0.015625
2 0.719401 0.424805 0.019531 0.009766
2 0.718099 0.368652 0.022135 0.008789
2 0.713542 0.771484 0.036458 0.023438
2 0.710286 0.820801 0.045573 0.022461
2 0.725260 0.925781 0.028646 0.013672
2 0.738932 0.840332 0.014323 0.012695
2 0.729818 0.481445 0.045573 0.039062
2 0.750000 0.340332 0.007812 0.006836
2 0.742839 0.016602 0.024740 0.011719
2 0.744141 0.750000 0.029948 0.033203
2 0.729818 0.148926 0.063802 0.061523
2 0.740234 0.209961 0.045573 0.031250
2 0.759115 0.055176 0.007812 0.010742
2 0.755859 0.374023 0.016927 0.019531
2 0.753255 0.695312 0.024740 0.015625
2 0.766276 0.638184 0.022135 0.012695
2 0.764323 0.110840 0.028646 0.030273
2 0.775391 0.792969 0.011719 0.013672
2 0.779297 0.222656 0.014323 0.011719
2 0.773438 0.900391 0.031250 0.023438
2 0.774740 0.296875 0.028646 0.023438
2 0.781250 0.047363 0.015625 0.004883
2 0.785156 0.821777 0.023438 0.016602
2 0.795573 0.021484 0.007812 0.007812
2 0.777995 0.568848 0.045573 0.028320
2 0.796224 0.323242 0.009115 0.007812
2 0.800130 0.097168 0.009115 0.006836
2 0.803385 0.871094 0.007812 0.007812
2 0.809245 0.884277 0.014323 0.006836
2 0.815104 0.416504 0.007812 0.008789
2 0.811198 0.610840 0.023438 0.030273
2 0.819661 0.785645 0.022135 0.014648
2 0.815104 0.474609 0.031250 0.023438
2 0.827474 0.742676 0.011719 0.006836
2 0.830729 0.443848 0.015625 0.018555
2 0.813802 0.675781 0.052083 0.025391
2 0.843750 0.356445 0.026042 0.035156
2 0.856771 0.312012 0.010417 0.008789
2 0.856120 0.809570 0.014323 0.009766
2 0.859375 0.939941 0.013021 0.006836
2 0.861979 0.726074 0.010417 0.006836
2 0.863932 0.829102 0.011719 0.011719
2 0.865885 0.878418 0.010417 0.014648
2 0.865885 0.116211 0.015625 0.009766
2 0.863932 0.756836 0.032552 0.019531
2 0.880859 0.905762 0.019531 0.022461
2 0.872396 0.209473 0.039062 0.014648
2 0.881510 0.437012 0.033854 0.018555
2 0.891927 0.029297 0.013021 0.005859
2 0.891276 0.582520 0.016927 0.010742
2 0.900391 0.810059 0.011719 0.006836
2 0.889974 0.131348 0.032552 0.045898
2 0.904297 0.790039 0.009115 0.011719
2 0.892578 0.519043 0.037760 0.026367
2 0.897786 0.313965 0.027344 0.010742
2 0.904948 0.459961 0.023438 0.019531
2 0.912760 0.990723 0.028646 0.018555
2 0.915365 0.435547 0.026042 0.021484
2 0.921224 0.084961 0.014323 0.013672
2 0.926432 0.571777 0.011719 0.010742
2 0.928385 0.042969 0.007812 0.007812
2 0.938151 0.530762 0.009115 0.006836
2 0.932292 0.184570 0.026042 0.019531
2 0.939453 0.818359 0.014323 0.011719
2 0.940104 0.153320 0.013021 0.009766
2 0.941406 0.963867 0.018229 0.007812
2 0.944661 0.579102 0.011719 0.005859
2 0.931641 0.332031 0.040365 0.025391
2 0.940755 0.500977 0.024740 0.023438
2 0.947917 0.267578 0.010417 0.009766
2 0.952474 0.459473 0.027344 0.028320
2 0.967448 0.274414 0.007812 0.007812
2 0.966797 0.610352 0.011719 0.005859
2 0.960286 0.880859 0.032552 0.013672
2 0.972656 0.103516 0.015625 0.015625
2 0.971354 0.218750 0.023438 0.027344
2 0.974609 0.383301 0.022135 0.016602
2 0.971354 0.695801 0.031250 0.016602
2 0.981771 0.288574 0.013021 0.008789
2 0.981771 0.245117 0.013021 0.015625
2 0.981120 0.523438 0.016927 0.009766
2 0.990234 0.395020 0.009115 0.008789
2 0.977214 0.357422 0.037760 0.015625
2 0.983724 0.645020 0.032552 0.034180
2 0.994792 0.145020 0.010417 0.012695
2 0.989583 0.013184 0.020833 0.026367