2 0.772949 0.886719 0.010742 0.010417
2 0.173340 0.891276 0.030273 0.024740
2 0.366211 0.883464 0.021484 0.022135
2 0.755859 0.880859 0.013672 0.019531
2 0.932617 0.871745 0.009766 0.009115
2 0.491699 0.880208 0.008789 0.026042
2 0.063477 0.871745 0.011719 0.011719
2 0.837891 0.871094 0.009766 0.018229
2 0.109375 0.869792 0.009766 0.028646
2 0.694824 0.865885 0.018555 0.026042
2 0.329590 0.857422 0.018555 0.014323
2 0.506836 0.852214 0.009766 0.011719
2 0.307617 0.858073 0.011719 0.026042
2 0.012207 0.848958 0.014648 0.010417
2 0.980469 0.845052 0.021484 0.020833
2 0.548828 0.847656 0.021484 0.026042
2 0.580566 0.835286 0.006836 0.014323
2 0.259766 0.834635 0.015625 0.026042
2 0.653320 0.832031 0.019531 0.023438
2 0.708008 0.825521 0.011719 0.015625
2 0.604492 0.823568 0.009766 0.019531
2 0.069824 0.820312 0.012695 0.013021
2 0.927246 0.833333 0.032227 0.052083
2 0.437500 0.819010 0.015625 0.023438
2 0.192383 0.812500 0.007812 0.013021
2 0.736816 0.805339 0.014648 0.029948
2 0.722656 0.794922 0.011719 0.019531
2 0.009766 0.802083 0.019531 0.036458
2 0.241211 0.792969 0.013672 0.023438
2 0.522949 0.783203 0.008789 0.014323
2 0.069824 0.784505 0.016602 0.024740
2 0.793945 0.776693 0.013672 0.011719
2 0.089844 0.766927 0.011719 0.013021
2 0.544922 0.763672 0.009766 0.011719
2 0.657715 0.783203 0.034180 0.058594
2 0.937988 0.770182 0.041992 0.045573
2 0.430664 0.748698 0.007812 0.007812
2 0.416016 0.751302 0.007812 0.013021
2 0.979980 0.745443 0.008789 0.006510
2 0.868164 0.747396 0.005859 0.013021
2 0.015137 0.746094 0.006836 0.010417
2 0.735352 0.738281 0.007812 0.010417
2 0.830078 0.729167 0.009766 0.013021
2 0.538086 0.729167 0.009766 0.013021
2 0.884277 0.724609 0.014648 0.014323
2 0.088379 0.733073 0.018555 0.033854
2 0.710938 0.715495 0.017578 0.009115
2 0.385742 0.724609 0.015625 0.029948
2 0.897949 0.713542 0.012695 0.010417
2 0.336914 0.738932 0.042969 0.061198
2 0.550781 0.713542 0.011719 0.018229
2 0.097656 0.705729 0.013672 0.015625
2 0.622070 0.708333 0.023438 0.023438
2 0.235840 0.705729 0.008789 0.018229
2 0.051270 0.709635 0.030273 0.026042
2 0.294922 0.701172 0.013672 0.016927
2 0.492188 0.707682 0.042969 0.037760
2 0.599121 0.694010 0.020508 0.013021
2 0.822266 0.685547 0.011719 0.014323
2 0.198242 0.683594 0.011719 0.010417
2 0.907227 0.675130 0.011719 0.009115
2 0.115723 0.677734 0.022461 0.029948
2 0.411621 0.667318 0.008789 0.019531
2 0.782715 0.659505 0.014648 0.014323
2 0.363770 0.679688 0.030273 0.057292
2 0.242188 0.662109 0.015625 0.024740
2 0.982422 0.680339 0.035156 0.063802
2 0.429199 0.651693 0.008789 0.011719
2 0.525879 0.650391 0.014648 0.019531
2 0.579590 0.647786 0.016602 0.019531
2 0.405273 0.642578 0.009766 0.009115
2 0.253418 0.639974 0.006836 0.009115
2 0.050293 0.636068 0.006836 0.011719
2 0.937012 0.644531 0.024414 0.033854
2 0.959961 0.630859 0.009766 0.011719
2 0.824707 0.629557 0.006836 0.011719
2 0.798828 0.619792 0.007812 0.010417
2 0.814941 0.616536 0.006836 0.009115
2 0.326660 0.613932 0.006836 0.009115
2 0.956055 0.612630 0.009766 0.009115
2 0.002441 0.615885 0.004883 0.015625
2 0.843262 0.609375 0.006836 0.010417
2 0.753418 0.619141 0.010742 0.035156
2 0.073242 0.615234 0.035156 0.029948
2 0.651855 0.611979 0.024414 0.026042
2 0.346680 0.603516 0.013672 0.011719
2 0.893066 0.606120 0.010742 0.022135
2 0.710449 0.600260 0.034180 0.026042
2 0.457520 0.595703 0.010742 0.016927
2 0.167969 0.599609 0.017578 0.027344
2 0.377930 0.596354 0.011719 0.026042
2 0.806152 0.587891 0.012695 0.016927
2 0.191895 0.580729 0.012695 0.013021
2 0.004395 0.586589 0.008789 0.029948
2 0.531738 0.578125 0.018555 0.020833
2 0.765625 0.574219 0.015625 0.015625
2 0.269043 0.574870 0.010742 0.016927
2 0.225586 0.573568 0.011719 0.016927
2 0.567383 0.571615 0.019531 0.020833
2 0.978027 0.580078 0.016602 0.042969
2 0.254883 0.559896 0.013672 0.010417
2 0.465820 0.550130 0.007812 0.009115
2 0.596680 0.550781 0.013672 0.018229
2 0.109863 0.556641 0.051758 0.029948
2 0.640137 0.560547 0.028320 0.040365
2 0.954590 0.533854 0.012695 0.015625
2 0.916504 0.529297 0.010742 0.014323
2 0.638672 0.527995 0.017578 0.011719
2 0.191895 0.533854 0.020508 0.028646
2 0.864258 0.526042 0.011719 0.020833
2 0.003418 0.526693 0.006836 0.022135
2 0.148926 0.525391 0.010742 0.032552
2 0.041504 0.512370 0.008789 0.014323
2 0.720215 0.519531 0.018555 0.031250
2 0.781250 0.522135 0.027344 0.046875
2 0.533691 0.512370 0.020508 0.027344
2 0.879395 0.505859 0.010742 0.016927
2 0.394043 0.529948 0.030273 0.065104
2 0.443848 0.499349 0.010742 0.011719
2 0.480957 0.512370 0.022461 0.042969
2 0.963867 0.490234 0.007812 0.011719
2 0.941406 0.492839 0.015625 0.019531
2 0.630371 0.492188 0.024414 0.023438
2 0.090820 0.491536 0.033203 0.037760
2 0.437012 0.474609 0.016602 0.014323
2 0.601074 0.477865 0.008789 0.026042
2 0.259766 0.478516 0.017578 0.027344
2 0.458984 0.468750 0.005859 0.010417
2 0.793457 0.464844 0.006836 0.010417
2 0.970703 0.462240 0.009766 0.015625
2 0.499023 0.459635 0.013672 0.013021
2 0.665527 0.458333 0.016602 0.020833
2 0.807129 0.454427 0.008789 0.015625
2 0.376953 0.450521 0.007812 0.013021
2 0.223633 0.449219 0.009766 0.010417
2 0.066406 0.450521 0.007812 0.013021
2 0.288574 0.440755 0.008789 0.009115
2 0.092285 0.442708 0.014648 0.013021
2 0.164062 0.462891 0.060547 0.074219
2 0.299316 0.429688 0.008789 0.010417
2 0.355469 0.427734 0.009766 0.009115
2 0.426758 0.432292 0.027344 0.023438
2 0.854492 0.431641 0.013672 0.024740
2 0.728027 0.427083 0.012695 0.015625
2 0.883789 0.434896 0.033203 0.036458
2 0.382812 0.416016 0.017578 0.022135
2 0.685059 0.407552 0.008789 0.015625
2 0.098145 0.414714 0.022461 0.029948
2 0.212891 0.403646 0.011719 0.010417
2 0.328613 0.401042 0.006836 0.013021
2 0.956055 0.417318 0.019531 0.050781
2 0.236328 0.390625 0.013672 0.018229
2 0.358887 0.381510 0.018555 0.015625
2 0.558105 0.374349 0.012695 0.009115
2 0.479492 0.377604 0.015625 0.018229
2 0.899902 0.378906 0.016602 0.039062
2 0.755371 0.369792 0.014648 0.028646
2 0.506836 0.360677 0.007812 0.015625
2 0.082031 0.352865 0.013672 0.007812
2 0.435547 0.359375 0.015625 0.026042
2 0.131348 0.354818 0.022461 0.019531
2 0.801270 0.359375 0.032227 0.036458
2 0.925293 0.351562 0.022461 0.026042
2 0.618652 0.348307 0.020508 0.024740
2 0.199219 0.341146 0.013672 0.015625
2 0.469238 0.343099 0.018555 0.024740
2 0.638672 0.334635 0.007812 0.010417
2 0.861816 0.326823 0.006836 0.010417
2 0.028809 0.325521 0.010742 0.007812
2 0.988770 0.330078 0.012695 0.024740
2 0.324219 0.325521 0.011719 0.020833
2 0.285645 0.324870 0.028320 0.019531
2 0.568848 0.320312 0.014648 0.013021
2 0.671875 0.319661 0.007812 0.019531
2 0.532227 0.314453 0.011719 0.022135
2 0.735840 0.315104 0.063477 0.041667
2 0.587402 0.298828 0.010742 0.014323
2 0.291016 0.291667 0.007812 0.010417
2 0.008301 0.286458 0.016602 0.015625
2 0.965820 0.279948 0.015625 0.015625
2 0.424805 0.280599 0.009766 0.019531
2 0.368652 0.281901 0.008789 0.022135
2 0.771484 0.286458 0.023438 0.036458
2 0.820801 0.289714 0.022461 0.045573
2 0.925781 0.274740 0.013672 0.028646
2 0.840332 0.261068 0.012695 0.014323
2 0.481445 0.270182 0.039062 0.045573
2 0.340332 0.250000 0.006836 0.007812
2 0.016602 0.257161 0.011719 0.024740
2 0.750000 0.255859 0.033203 0.029948
2 0.148926 0.270182 0.061523 0.063802
2 0.209961 0.259766 0.031250 0.045573
2 0.055176 0.240885 0.010742 0.007812
2 0.374023 0.244141 0.019531 0.016927
2 0.695312 0.246745 0.015625 0.024740
2 0.638184 0.233724 0.012695 0.022135
2 0.110840 0.235677 0.030273 0.028646
2 0.792969 0.224609 0.013672 0.011719
2 0.222656 0.220703 0.011719 0.014323
2 0.900391 0.226562 0.023438 0.031250
2 0.296875 0.225260 0.023438 0.028646
2 0.047363 0.218750 0.004883 0.015625
2 0.821777 0.214844 0.016602 0.023438
2 0.021484 0.204427 0.007812 0.007812
2 0.568848 0.222005 0.028320 0.045573
2 0.323242 0.203776 0.007812 0.009115
2 0.097168 0.199870 0.006836 0.009115
2 0.871094 0.196615 0.007812 0.007812
2 0.884277 0.190755 0.006836 0.014323
2 0.416504 0.184896 0.008789 0.007812
2 0.610840 0.188802 0.030273 0.023438
2 0.785645 0.180339 0.014648 0.022135
2 0.474609 0.184896 0.023438 0.031250
2 0.742676 0.172526 0.006836 0.011719
2 0.443848 0.169271 0.018555 0.015625
2 0.675781 0.186198 0.025391 0.052083
2 0.356445 0.156250 0.035156 0.026042
2 0.312012 0.143229 0.008789 0.010417
2 0.809570 0.143880 0.009766 0.014323
2 0.939941 0.140625 0.006836 0.013021
2 0.726074 0.138021 0.006836 0.010417
2 0.829102 0.136068 0.011719 0.011719
2 0.878418 0.134115 0.014648 0.010417
2 0.116211 0.134115 0.009766 0.015625
2 0.756836 0.136068 0.019531 0.032552
2 0.905762 0.119141 0.022461 0.019531
2 0.209473 0.127604 0.014648 0.039062
2 0.437012 0.118490 0.018555 0.033854
2 0.029297 0.108073 0.005859 0.013021
2 0.582520 0.108724 0.010742 0.016927
2 0.810059 0.099609 0.006836 0.011719
2 0.131348 0.110026 0.045898 0.032552
2 0.790039 0.095703 0.011719 0.009115
2 0.519043 0.107422 0.026367 0.037760
2 0.313965 0.102214 0.010742 0.027344
2 0.459961 0.095052 0.019531 0.023438
2 0.990723 0.087240 0.018555 0.028646
2 0.435547 0.084635 0.021484 0.026042
2 0.084961 0.078776 0.013672 0.014323
2 0.571777 0.073568 0.010742 0.011719
2 0.042969 0.071615 0.007812 0.007812
2 0.530762 0.061849 0.006836 0.009115
2 0.184570 0.067708 0.019531 0.026042
2 0.818359 0.060547 0.011719 0.014323
2 0.153320 0.059896 0.009766 0.013021
2 0.963867 0.058594 0.007812 0.018229
2 0.579102 0.055339 0.005859 0.011719
2 0.332031 0.068359 0.025391 0.040365
2 0.500977 0.059245 0.023438 0.024740
2 0.267578 0.052083 0.009766 0.010417
2 0.459473 0.047526 0.028320 0.027344
2 0.274414 0.032552 0.007812 0.007812
2 0.610352 0.033203 0.005859 0.011719
2 0.880859 0.039714 0.013672 0.032552
2 0.103516 0.027344 0.015625 0.015625
2 0.218750 0.028646 0.027344 0.023438
2 0.383301 0.025391 0.016602 0.022135
2 0.695801 0.028646 0.016602 0.031250
2 0.288574 0.018229 0.008789 0.013021
2 0.245117 0.018229 0.015625 0.013021
2 0.523438 0.018880 0.009766 0.016927
2 0.395020 0.009766 0.008789 0.009115
2 0.357422 0.022786 0.015625 0.037760
2 0.645020 0.016276 0.034180 0.032552
2 0.145020 0.005208 0.012695 0.010417
2 0.013184 0.010417 0.026367 0.020833