2 0.249023 0.106771 0.015625 0.010417
2 0.190430 0.152995 0.005859 0.009115
2 0.756348 0.154297 0.006836 0.014323
2 0.178711 0.164714 0.015625 0.011719
2 0.714355 0.263672 0.016602 0.016927
2 0.216309 0.221354 0.053711 0.127604
2 0.379395 0.369141 0.008789 0.011719
2 0.473145 0.373698 0.008789 0.007812
2 0.294922 0.384115 0.005859 0.015625
2 0.249512 0.414714 0.008789 0.011719
2 0.317383 0.448568 0.007812 0.009115
2 0.400879 0.458984 0.008789 0.016927
2 0.274902 0.487630 0.016602 0.022135
2 0.467773 0.488281 0.019531 0.026042
2 0.290039 0.508464 0.011719 0.014323
2 0.486816 0.509115 0.010742 0.013021
2 0.243652 0.528646 0.016602 0.018229
2 0.380371 0.544271 0.010742 0.020833
2 0.645996 0.577474 0.006836 0.009115
2 0.147949 0.603516 0.006836 0.009115
2 0.219727 0.629557 0.013672 0.019531
2 0.202637 0.667318 0.010742 0.014323
2 0.583984 0.674479 0.007812 0.013021
2 0.136230 0.738281 0.006836 0.010417
2 0.097656 0.794271 0.005859 0.010417
2 0.532715 0.803385 0.008789 0.010417
2 0.093262 0.813802 0.006836 0.015625
2 0.062500 0.821615 0.011719 0.020833
2 0.021484 0.874349 0.013672 0.027344
2 0.057617 0.882812 0.019531 0.044271
2 0.930664 0.947917 0.013672 0.020833
2 0.950684 0.824219 0.018555 0.023438
2 0.828125 0.860026 0.013672 0.022135
2 0.782227 0.841797 0.021484 0.016927
2 0.733398 0.826823 0.019531 0.023438
2 0.888672 0.694010 0.015625 0.033854
2 0.568848 0.819661 0.022461 0.032552
2 0.281250 0.940755 0.023438 0.035156
2 0.223145 0.751953 0.012695 0.019531
2 0.227539 0.744792 0.007812 0.005208
2 0.285645 0.770833 0.014648 0.020833
2 0.974609 0.378906 0.015625 0.028646
2 0.761719 0.334635 0.017578 0.023438
2 0.427734 0.294922 0.011719 0.014323
2 0.817383 0.247396 0.013672 0.026042
2 0.814453 0.466146 0.017578 0.018229
2 0.860840 0.473307 0.008789 0.009115
2 0.519043 0.235677 0.034180 0.049479
2 0.424316 0.164714 0.018555 0.024740