2 0.750977 0.893229 0.015625 0.010417
2 0.809570 0.847005 0.005859 0.009115
2 0.243652 0.845703 0.006836 0.014323
2 0.821289 0.835286 0.015625 0.011719
2 0.285645 0.736328 0.016602 0.016927
2 0.783691 0.778646 0.053711 0.127604
2 0.620605 0.630859 0.008789 0.011719
2 0.526855 0.626302 0.008789 0.007812
2 0.705078 0.615885 0.005859 0.015625
2 0.750488 0.585286 0.008789 0.011719
2 0.682617 0.551432 0.007812 0.009115
2 0.599121 0.541016 0.008789 0.016927
2 0.725098 0.512370 0.016602 0.022135
2 0.532227 0.511719 0.019531 0.026042
2 0.709961 0.491536 0.011719 0.014323
2 0.513184 0.490885 0.010742 0.013021
2 0.756348 0.471354 0.016602 0.018229
2 0.619629 0.455729 0.010742 0.020833
2 0.354004 0.422526 0.006836 0.009115
2 0.852051 0.396484 0.006836 0.009115
2 0.780273 0.370443 0.013672 0.019531
2 0.797363 0.332682 0.010742 0.014323
2 0.416016 0.325521 0.007812 0.013021
2 0.863770 0.261719 0.006836 0.010417
2 0.902344 0.205729 0.005859 0.010417
2 0.467285 0.196615 0.008789 0.010417
2 0.906738 0.186198 0.006836 0.015625
2 0.937500 0.178385 0.011719 0.020833
2 0.978516 0.125651 0.013672 0.027344
2 0.942383 0.117188 0.019531 0.044271
2 0.069336 0.052083 0.013672 0.020833
2 0.049316 0.175781 0.018555 0.023438
2 0.171875 0.139974 0.013672 0.022135
2 0.217773 0.158203 0.021484 0.016927
2 0.266602 0.173177 0.019531 0.023438
2 0.111328 0.305990 0.015625 0.033854
2 0.431152 0.180339 0.022461 0.032552
2 0.718750 0.059245 0.023438 0.035156
2 0.776855 0.248047 0.012695 0.019531
2 0.772461 0.255208 0.007812 0.005208
2 0.714355 0.229167 0.014648 0.020833
2 0.025391 0.621094 0.015625 0.028646
2 0.238281 0.665365 0.017578 0.023438
2 0.572266 0.705078 0.011719 0.014323
2 0.182617 0.752604 0.013672 0.026042
2 0.185547 0.533854 0.017578 0.018229
2 0.139160 0.526693 0.008789 0.009115
2 0.480957 0.764323 0.034180 0.049479
2 0.575684 0.835286 0.018555 0.024740