2 0.249023 0.893229 0.015625 0.010417
2 0.190430 0.847005 0.005859 0.009115
2 0.756348 0.845703 0.006836 0.014323
2 0.178711 0.835286 0.015625 0.011719
2 0.714355 0.736328 0.016602 0.016927
2 0.216309 0.778646 0.053711 0.127604
2 0.379395 0.630859 0.008789 0.011719
2 0.473145 0.626302 0.008789 0.007812
2 0.294922 0.615885 0.005859 0.015625
2 0.249512 0.585286 0.008789 0.011719
2 0.317383 0.551432 0.007812 0.009115
2 0.400879 0.541016 0.008789 0.016927
2 0.274902 0.512370 0.016602 0.022135
2 0.467773 0.511719 0.019531 0.026042
2 0.290039 0.491536 0.011719 0.014323
2 0.486816 0.490885 0.010742 0.013021
2 0.243652 0.471354 0.016602 0.018229
2 0.380371 0.455729 0.010742 0.020833
2 0.645996 0.422526 0.006836 0.009115
2 0.147949 0.396484 0.006836 0.009115
2 0.219727 0.370443 0.013672 0.019531
2 0.202637 0.332682 0.010742 0.014323
2 0.583984 0.325521 0.007812 0.013021
2 0.136230 0.261719 0.006836 0.010417
2 0.097656 0.205729 0.005859 0.010417
2 0.532715 0.196615 0.008789 0.010417
2 0.093262 0.186198 0.006836 0.015625
2 0.062500 0.178385 0.011719 0.020833
2 0.021484 0.125651 0.013672 0.027344
2 0.057617 0.117188 0.019531 0.044271
2 0.930664 0.052083 0.013672 0.020833
2 0.950684 0.175781 0.018555 0.023438
2 0.828125 0.139974 0.013672 0.022135
2 0.782227 0.158203 0.021484 0.016927
2 0.733398 0.173177 0.019531 0.023438
2 0.888672 0.305990 0.015625 0.033854
2 0.568848 0.180339 0.022461 0.032552
2 0.281250 0.059245 0.023438 0.035156
2 0.223145 0.248047 0.012695 0.019531
2 0.227539 0.255208 0.007812 0.005208
2 0.285645 0.229167 0.014648 0.020833
2 0.974609 0.621094 0.015625 0.028646
2 0.761719 0.665365 0.017578 0.023438
2 0.427734 0.705078 0.011719 0.014323
2 0.817383 0.752604 0.013672 0.026042
2 0.814453 0.533854 0.017578 0.018229
2 0.860840 0.526693 0.008789 0.009115
2 0.519043 0.764323 0.034180 0.049479
2 0.424316 0.835286 0.018555 0.024740