2 0.574219 0.159505 0.005859 0.014323
2 0.785645 0.164062 0.006836 0.010417
2 0.835938 0.175781 0.005859 0.010417
2 0.991699 0.177734 0.006836 0.011719
2 0.015137 0.188802 0.006836 0.020833
2 0.003418 0.215495 0.006836 0.011719
2 0.369141 0.231771 0.005859 0.018229
2 0.754883 0.246094 0.009766 0.020833
2 0.143066 0.311198 0.008789 0.007812
2 0.907227 0.334635 0.007812 0.010417
2 0.528809 0.344401 0.006836 0.011719
2 0.028809 0.376302 0.010742 0.010417
2 0.844238 0.386068 0.006836 0.014323
2 0.064941 0.402344 0.008789 0.013021
2 0.573242 0.423828 0.007812 0.009115
2 0.363770 0.421875 0.008789 0.013021
2 0.246582 0.433594 0.008789 0.015625
2 0.493652 0.456380 0.008789 0.009115
2 0.121094 0.485026 0.005859 0.011719
2 0.996094 0.529297 0.007812 0.009115
2 0.590332 0.544271 0.006836 0.010417
2 0.324219 0.544922 0.009766 0.009115
2 0.428711 0.555339 0.007812 0.009115
2 0.973145 0.567057 0.006836 0.011719
2 0.354492 0.575521 0.007812 0.013021
2 0.341309 0.604818 0.006836 0.009115
2 0.769043 0.625000 0.012695 0.013021
2 0.148926 0.642578 0.010742 0.011719
2 0.267090 0.643229 0.006836 0.013021
2 0.939941 0.679036 0.006836 0.009115
2 0.402832 0.688151 0.008789 0.011719
2 0.113770 0.692057 0.006836 0.009115
2 0.436035 0.697266 0.012695 0.009115
2 0.245117 0.742188 0.007812 0.010417
2 0.003906 0.742839 0.007812 0.011719
2 0.708496 0.794271 0.008789 0.007812
2 0.504883 0.798828 0.005859 0.011719
2 0.426758 0.820312 0.005859 0.010417
2 0.051270 0.820312 0.006836 0.010417
2 0.297363 0.849609 0.008789 0.011719
2 0.986328 0.892578 0.009766 0.011719
2 0.828613 0.942057 0.006836 0.009115
2 0.071289 0.945964 0.009766 0.011719