2 0.574219 0.840495 0.005859 0.014323
2 0.785645 0.835938 0.006836 0.010417
2 0.835938 0.824219 0.005859 0.010417
2 0.991699 0.822266 0.006836 0.011719
2 0.015137 0.811198 0.006836 0.020833
2 0.003418 0.784505 0.006836 0.011719
2 0.369141 0.768229 0.005859 0.018229
2 0.754883 0.753906 0.009766 0.020833
2 0.143066 0.688802 0.008789 0.007812
2 0.907227 0.665365 0.007812 0.010417
2 0.528809 0.655599 0.006836 0.011719
2 0.028809 0.623698 0.010742 0.010417
2 0.844238 0.613932 0.006836 0.014323
2 0.064941 0.597656 0.008789 0.013021
2 0.573242 0.576172 0.007812 0.009115
2 0.363770 0.578125 0.008789 0.013021
2 0.246582 0.566406 0.008789 0.015625
2 0.493652 0.543620 0.008789 0.009115
2 0.121094 0.514974 0.005859 0.011719
2 0.996094 0.470703 0.007812 0.009115
2 0.590332 0.455729 0.006836 0.010417
2 0.324219 0.455078 0.009766 0.009115
2 0.428711 0.444661 0.007812 0.009115
2 0.973145 0.432943 0.006836 0.011719
2 0.354492 0.424479 0.007812 0.013021
2 0.341309 0.395182 0.006836 0.009115
2 0.769043 0.375000 0.012695 0.013021
2 0.148926 0.357422 0.010742 0.011719
2 0.267090 0.356771 0.006836 0.013021
2 0.939941 0.320964 0.006836 0.009115
2 0.402832 0.311849 0.008789 0.011719
2 0.113770 0.307943 0.006836 0.009115
2 0.436035 0.302734 0.012695 0.009115
2 0.245117 0.257812 0.007812 0.010417
2 0.003906 0.257161 0.007812 0.011719
2 0.708496 0.205729 0.008789 0.007812
2 0.504883 0.201172 0.005859 0.011719
2 0.426758 0.179688 0.005859 0.010417
2 0.051270 0.179688 0.006836 0.010417
2 0.297363 0.150391 0.008789 0.011719
2 0.986328 0.107422 0.009766 0.011719
2 0.828613 0.057943 0.006836 0.009115
2 0.071289 0.054036 0.009766 0.011719