2 0.159505 0.574219 0.014323 0.005859
2 0.164062 0.785645 0.010417 0.006836
2 0.175781 0.835938 0.010417 0.005859
2 0.177734 0.991699 0.011719 0.006836
2 0.188802 0.015137 0.020833 0.006836
2 0.215495 0.003418 0.011719 0.006836
2 0.231771 0.369141 0.018229 0.005859
2 0.246094 0.754883 0.020833 0.009766
2 0.311198 0.143066 0.007812 0.008789
2 0.334635 0.907227 0.010417 0.007812
2 0.344401 0.528809 0.011719 0.006836
2 0.376302 0.028809 0.010417 0.010742
2 0.386068 0.844238 0.014323 0.006836
2 0.402344 0.064941 0.013021 0.008789
2 0.423828 0.573242 0.009115 0.007812
2 0.421875 0.363770 0.013021 0.008789
2 0.433594 0.246582 0.015625 0.008789
2 0.456380 0.493652 0.009115 0.008789
2 0.485026 0.121094 0.011719 0.005859
2 0.529297 0.996094 0.009115 0.007812
2 0.544271 0.590332 0.010417 0.006836
2 0.544922 0.324219 0.009115 0.009766
2 0.555339 0.428711 0.009115 0.007812
2 0.567057 0.973145 0.011719 0.006836
2 0.575521 0.354492 0.013021 0.007812
2 0.604818 0.341309 0.009115 0.006836
2 0.625000 0.769043 0.013021 0.012695
2 0.642578 0.148926 0.011719 0.010742
2 0.643229 0.267090 0.013021 0.006836
2 0.679036 0.939941 0.009115 0.006836
2 0.688151 0.402832 0.011719 0.008789
2 0.692057 0.113770 0.009115 0.006836
2 0.697266 0.436035 0.009115 0.012695
2 0.742188 0.245117 0.010417 0.007812
2 0.742839 0.003906 0.011719 0.007812
2 0.794271 0.708496 0.007812 0.008789
2 0.798828 0.504883 0.011719 0.005859
2 0.820312 0.426758 0.010417 0.005859
2 0.820312 0.051270 0.010417 0.006836
2 0.849609 0.297363 0.011719 0.008789
2 0.892578 0.986328 0.011719 0.009766
2 0.942057 0.828613 0.009115 0.006836
2 0.945964 0.071289 0.011719 0.009766