2 0.840495 0.425781 0.014323 0.005859
2 0.835938 0.214355 0.010417 0.006836
2 0.824219 0.164062 0.010417 0.005859
2 0.822266 0.008301 0.011719 0.006836
2 0.811198 0.984863 0.020833 0.006836
2 0.784505 0.996582 0.011719 0.006836
2 0.768229 0.630859 0.018229 0.005859
2 0.753906 0.245117 0.020833 0.009766
2 0.688802 0.856934 0.007812 0.008789
2 0.665365 0.092773 0.010417 0.007812
2 0.655599 0.471191 0.011719 0.006836
2 0.623698 0.971191 0.010417 0.010742
2 0.613932 0.155762 0.014323 0.006836
2 0.597656 0.935059 0.013021 0.008789
2 0.576172 0.426758 0.009115 0.007812
2 0.578125 0.636230 0.013021 0.008789
2 0.566406 0.753418 0.015625 0.008789
2 0.543620 0.506348 0.009115 0.008789
2 0.514974 0.878906 0.011719 0.005859
2 0.470703 0.003906 0.009115 0.007812
2 0.455729 0.409668 0.010417 0.006836
2 0.455078 0.675781 0.009115 0.009766
2 0.444661 0.571289 0.009115 0.007812
2 0.432943 0.026855 0.011719 0.006836
2 0.424479 0.645508 0.013021 0.007812
2 0.395182 0.658691 0.009115 0.006836
2 0.375000 0.230957 0.013021 0.012695
2 0.357422 0.851074 0.011719 0.010742
2 0.356771 0.732910 0.013021 0.006836
2 0.320964 0.060059 0.009115 0.006836
2 0.311849 0.597168 0.011719 0.008789
2 0.307943 0.886230 0.009115 0.006836
2 0.302734 0.563965 0.009115 0.012695
2 0.257812 0.754883 0.010417 0.007812
2 0.257161 0.996094 0.011719 0.007812
2 0.205729 0.291504 0.007812 0.008789
2 0.201172 0.495117 0.011719 0.005859
2 0.179688 0.573242 0.010417 0.005859
2 0.179688 0.948730 0.010417 0.006836
2 0.150391 0.702637 0.011719 0.008789
2 0.107422 0.013672 0.011719 0.009766
2 0.057943 0.171387 0.009115 0.006836
2 0.054036 0.928711 0.011719 0.009766